#XPS-spectrum

#Date/time: 		 2018-12-19__09-33-09


#AK pressure: 	can 	 mbar
#Pass energy: 	109.1 		 eV
#Volt. bias: 	0.0 		 V
#E_Photon: 	1486.7 		 V
#I_Emission: 	10 		 mA
#Counttime: 	12000 		 ms
#Prevoltage: 	90 		 V
#Workfunction: 	5.1 		 eV
#Samples/eV: 	25 		 1/s
#TDAC: 	System.Windows.Forms.TextBox, Text: 1.205 		 V
#V_Lens: 	System.Windows.Forms.TextBox, Text: 4000 		 V
#Slope: 	0.0050 		 Samples/eV
#V_Channelt.: 	2800 		 V
#Flow cooling: 	0,0 		 l/min
#Slit: 	C1 	




#E_bind 	 cps 	 E_kin 	 V_hemo


0044.07	19868.18408	1437.53	476701297.0	-1319.08
0044.12	20172.73644	1437.48	485501293.0	-1319.03
0044.17	19768.16609	1437.43	494301300.0	-1318.98
0044.22	19713.63860	1437.38	503101299.0	-1318.93
0044.27	20545.45221	1437.33	511901300.0	-1318.88
0044.34	20422.72959	1437.26	520701299.0	-1318.81
0044.42	19959.08637	1437.18	529501301.0	-1318.73
0044.49	19872.73405	1437.11	538301298.0	-1318.66
0044.54	19750.00000	1437.06	547101298.0	-1318.61
0044.58	19945.45681	1437.02	555901297.0	-1318.57
0044.61	20109.09091	1436.99	564701297.0	-1318.54
0044.65	19904.54545	1436.95	573501297.0	-1318.51
0044.69	19609.09759	1436.91	582301294.0	-1318.47
0044.73	19831.81593	1436.87	591101295.0	-1318.42
0044.77	19495.44125	1436.83	599901301.0	-1318.38
0044.81	19722.73848	1436.79	608701296.0	-1318.35
0044.84	19604.54100	1436.76	617501298.0	-1318.31
0044.89	19895.47037	1436.71	626301291.0	-1318.26
0044.94	20299.97463	1436.66	635101302.0	-1318.21
0045.00	19663.65201	1436.60	643901295.0	-1318.15
0045.04	20359.08628	1436.56	652701297.0	-1318.11
0045.07	20172.72040	1436.53	661501300.0	-1318.08
0045.11	19600.01336	1436.49	670301294.0	-1318.04
0045.16	19581.81373	1436.44	679101296.0	-1317.99
0045.20	20159.07946	1436.40	687901301.0	-1317.95
0045.24	19736.37485	1436.36	696701296.0	-1317.91
0045.26	20349.99306	1436.34	705501299.0	-1317.89
0045.30	19418.18402	1436.30	714301298.0	-1317.85
0045.35	19390.90248	1436.25	723101301.0	-1317.81
0045.40	19222.72946	1436.20	731901300.0	-1317.75
0045.45	19372.73388	1436.15	740701297.0	-1317.70
0045.50	19322.72508	1436.10	749501298.0	-1317.66
0045.54	19359.09531	1436.06	758301296.0	-1317.61
0045.58	19654.53205	1436.02	767101302.0	-1317.58
0045.62	19886.37946	1435.98	775901295.0	-1317.53
0045.66	19000.01080	1435.94	784701290.0	-1317.49
0045.70	19049.98485	1435.90	793501297.0	-1317.45
0045.74	19218.18182	1435.86	802301297.0	-1317.41
0045.77	19268.18182	1435.83	811101297.0	-1317.38
0045.81	19227.26399	1435.79	819901301.0	-1317.34
0045.86	19031.82900	1435.74	828701296.0	-1317.29
0045.91	19868.17053	1435.69	837501301.0	-1317.24
0045.96	19940.91815	1435.64	846301297.0	-1317.19
0046.01	19659.09314	1435.59	855101296.0	-1317.14
0046.04	19704.52978	1435.56	863901303.0	-1317.11
0046.08	19486.38357	1435.52	872701294.0	-1317.08
0046.12	19413.63416	1435.48	881501295.0	-1317.03
0046.16	19263.61666	1435.44	890301304.0	-1316.99
0046.18	19054.56278	1435.42	899101296.0	-1316.97
0046.22	19090.90258	1435.38	907901299.0	-1316.94
0046.26	18740.91548	1435.34	916701296.0	-1316.89
0046.35	19054.54979	1435.25	925501294.0	-1316.80
0046.45	18977.27273	1435.15	934301294.0	-1316.70
0046.52	19149.98912	1435.08	943101299.0	-1316.63
0046.57	19050.00649	1435.03	951901296.0	-1316.58
0046.60	19645.44115	1435.00	960701302.0	-1316.55
0046.64	18809.09732	1434.96	969501299.0	-1316.51
0046.68	19036.37445	1434.92	978301294.0	-1316.48
0046.72	19259.07778	1434.88	987101300.0	-1316.44
0046.75	18918.17967	1434.85	995901301.0	-1316.40
0046.78	19027.27921	1434.82	1004701298.0	-1316.37
0046.82	18922.72082	1434.78	1013501301.0	-1316.33
0046.87	18740.91761	1434.73	1022301297.0	-1316.28
0046.93	19095.44370	1434.67	1031101302.0	-1316.23
0046.97	18531.83503	1434.63	1039901294.0	-1316.18
0047.01	18436.34897	1434.59	1048701301.0	-1316.14
0047.06	19190.91127	1434.54	1057501300.0	-1316.09
0047.10	18436.37202	1434.50	1066301296.0	-1316.06
0047.14	18695.44817	1434.46	1075101299.0	-1316.01
0047.18	19022.73160	1434.42	1083901297.0	-1315.98
0047.21	18136.35539	1434.39	1092701301.0	-1315.94
0047.24	19009.09955	1434.36	1101501297.0	-1315.92
0047.27	18895.45025	1434.33	1110301299.0	-1315.88
0047.31	18459.08462	1434.29	1119101302.0	-1315.84
0047.36	19000.01511	1434.24	1127901295.0	-1315.79
0047.41	18854.53474	1434.19	1136701300.0	-1315.74
0047.47	18331.83276	1434.13	1145501293.0	-1315.68
0047.52	18322.72103	1434.08	1154301296.0	-1315.63
0047.56	18409.09718	1434.04	1163101293.0	-1315.59
0047.60	18172.71695	1434.00	1171901298.0	-1315.55
0047.64	18818.19037	1433.96	1180701294.0	-1315.51
0047.69	18195.45868	1433.91	1189501292.0	-1315.46
0047.72	18099.98766	1433.88	1198301298.0	-1315.43
0047.75	18313.64261	1433.85	1207101295.0	-1315.40
0047.78	18772.70807	1433.82	1215901304.0	-1315.37
0047.84	18222.74384	1433.76	1224701296.0	-1315.31
0047.90	18377.27273	1433.70	1233501296.0	-1315.26
0047.94	18018.17772	1433.66	1242301298.0	-1315.21
0047.98	18472.72307	1433.62	1251101300.0	-1315.17
0048.02	17763.64242	1433.58	1259901297.0	-1315.13
0048.05	18322.73144	1433.55	1268701295.0	-1315.10
0048.10	18568.16705	1433.50	1277501302.0	-1315.05
0048.15	18504.55807	1433.45	1286301296.0	-1315.01
0048.17	17899.99186	1433.43	1295101300.0	-1314.98
0048.20	18504.55387	1433.40	1303901296.0	-1314.95
0048.25	18318.16725	1433.35	1312701303.0	-1314.90
0048.29	18081.83051	1433.31	1321501297.0	-1314.86
0048.34	17736.36767	1433.26	1330301295.0	-1314.81
0048.40	18090.91115	1433.20	1339101294.0	-1314.76
0048.44	17872.71102	1433.16	1347901302.0	-1314.71
0048.48	17850.01014	1433.12	1356701297.0	-1314.67
0048.52	18318.17141	1433.08	1365501302.0	-1314.63
0048.57	17954.55158	1433.03	1374301299.0	-1314.59
0048.62	18709.08666	1432.98	1383101301.0	-1314.53
0048.66	18195.46075	1432.94	1391901298.0	-1314.49
0048.69	18318.17557	1432.91	1400701301.0	-1314.47
0048.73	17877.28492	1432.87	1409501295.0	-1314.42
0048.76	18790.90482	1432.84	1418301297.0	-1314.39
0048.82	18636.36575	1432.78	1427101296.0	-1314.34
0048.87	17954.54137	1432.73	1435901298.0	-1314.28
0048.92	18813.64064	1432.68	1444701296.0	-1314.23
0048.96	19109.08222	1432.64	1453501300.0	-1314.19
0049.00	19131.82036	1432.60	1462301299.0	-1314.15
0049.03	18859.11448	1432.57	1471101288.0	-1314.12
0049.08	19159.06478	1432.52	1479901300.0	-1314.07
0049.12	19054.55845	1432.48	1488701294.0	-1314.03
0049.15	19136.35711	1432.45	1497501297.0	-1314.00
0049.18	19122.73814	1432.42	1506301292.0	-1313.97
0049.22	19736.34569	1432.38	1515101300.0	-1313.93
0049.26	19513.63636	1432.34	1523901300.0	-1313.89
0049.32	20650.00469	1432.28	1532701298.0	-1313.83
0049.38	20463.62706	1432.22	1541501302.0	-1313.77
0049.44	20713.65284	1432.16	1550301295.0	-1313.72
0049.48	20886.35177	1432.12	1559101300.0	-1313.67
0049.52	21668.19413	1432.08	1567901295.0	-1313.63
0049.56	22377.25747	1432.04	1576701301.0	-1313.59
0049.60	22240.91667	1432.00	1585501298.0	-1313.55
0049.65	22704.54803	1431.95	1594301297.0	-1313.51
0049.65	23018.18705	1431.95	1603101295.0	-1313.50
0049.70	23840.90638	1431.90	1611901296.0	-1313.45
0049.74	23695.46801	1431.86	1620701291.0	-1313.41
0049.79	23954.52912	1431.81	1629501297.0	-1313.36
0049.85	25013.61362	1431.75	1638301305.0	-1313.30
0049.89	25622.76512	1431.71	1647101292.0	-1313.26
0049.94	26695.42724	1431.66	1655901301.0	-1313.21
0049.97	26900.00917	1431.63	1664701298.0	-1313.18
0050.01	27413.63325	1431.59	1673501299.0	-1313.14
0050.05	27718.18812	1431.55	1682301297.0	-1313.10
0050.09	29259.08093	1431.51	1691101300.0	-1313.07
0050.12	28095.47689	1431.48	1699901293.0	-1313.03
0050.16	29859.06716	1431.44	1708701300.0	-1312.99
0050.21	31218.19601	1431.39	1717501296.0	-1312.95
0050.31	33113.63636	1431.29	1726301296.0	-1312.84
0050.41	34572.70763	1431.19	1735101301.0	-1312.74
0050.49	37572.74435	1431.11	1743901297.0	-1312.66
0050.55	38109.12122	1431.05	1752701290.0	-1312.60
0050.57	39427.23688	1431.03	1761501298.0	-1312.58
0050.62	40109.11370	1430.98	1770301293.0	-1312.54
0050.65	41195.43582	1430.95	1779101297.0	-1312.51
0050.67	41222.69917	1430.93	1787901303.0	-1312.49
0050.70	42445.47384	1430.90	1796701299.0	-1312.45
0050.73	43249.97543	1430.87	1805501304.0	-1312.43
0050.77	43177.30217	1430.83	1814301298.0	-1312.38
0050.82	45372.75821	1430.78	1823101292.0	-1312.33
0050.87	46418.15017	1430.73	1831901298.0	-1312.28
0050.93	47504.56165	1430.67	1840701295.0	-1312.22
0051.00	49413.64759	1430.60	1849501293.0	-1312.15
0051.03	50559.05069	1430.57	1858301300.0	-1312.12
0051.06	51454.53376	1430.54	1867101302.0	-1312.09
0051.10	52172.75692	1430.50	1875901297.0	-1312.05
0051.14	54031.82432	1430.46	1884701296.0	-1312.02
0051.17	54786.36986	1430.43	1893501295.0	-1311.98
0051.20	54918.19430	1430.40	1902301293.0	-1311.95
0051.23	56149.98086	1430.37	1911101296.0	-1311.92
0051.26	56309.04612	1430.34	1919901303.0	-1311.89
0051.32	58927.33299	1430.28	1928701294.0	-1311.83
0051.39	60504.52483	1430.21	1937501297.0	-1311.76
0051.45	61718.18182	1430.15	1946301297.0	-1311.71
0051.49	62781.79678	1430.11	1955101300.0	-1311.66
0051.52	63777.25099	1430.08	1963901303.0	-1311.63
0051.56	64736.40777	1430.04	1972701297.0	-1311.60
0051.60	65727.28767	1430.00	1981501295.0	-1311.55
0051.64	66518.17426	1429.96	1990301296.0	-1311.51
0051.68	67745.45455	1429.92	1999101296.0	-1311.47
0051.72	68340.92462	1429.88	2007901294.0	-1311.43
0051.76	67854.51461	1429.84	2016701298.0	-1311.39
0051.81	70063.64433	1429.79	2025501297.0	-1311.34
0051.87	71881.83452	1429.73	2034301295.0	-1311.29
0051.91	72054.52089	1429.69	2043101298.0	-1311.24
0051.94	74649.98303	1429.66	2051901300.0	-1311.21
0051.98	74077.29798	1429.62	2060701297.0	-1311.17
0052.02	74913.64488	1429.58	2069501296.0	-1311.14
0052.05	77268.13792	1429.55	2078301301.0	-1311.10
0052.10	76495.48062	1429.50	2087101298.0	-1311.06
0052.12	77390.90909	1429.48	2095901298.0	-1311.03
0052.16	78186.39029	1429.44	2104701295.0	-1310.99
0052.21	77622.77138	1429.39	2113501290.0	-1310.94
0052.25	78531.70217	1429.35	2122301303.0	-1310.91
0052.31	81554.61033	1429.29	2131101296.0	-1310.84
0052.38	81490.89983	1429.22	2139901297.0	-1310.77
0052.43	82336.34492	1429.17	2148701299.0	-1310.72
0052.47	82390.93718	1429.13	2157501296.0	-1310.68
0052.52	83345.43560	1429.08	2166301298.0	-1310.64
0052.56	83531.83717	1429.04	2175101296.0	-1310.59
0052.60	84581.78935	1429.00	2183901299.0	-1310.55
0052.64	84954.59372	1428.96	2192701294.0	-1310.51
0052.66	84536.32521	1428.94	2201501298.0	-1310.50
0052.69	84000.01909	1428.91	2210301296.0	-1310.46
0052.73	85777.26298	1428.87	2219101297.0	-1310.42
0052.78	86454.52581	1428.82	2227901299.0	-1310.37
0052.84	86563.68555	1428.76	2236701294.0	-1310.31
0052.89	86409.07127	1428.71	2245501296.0	-1310.26
0052.94	86668.15227	1428.66	2254301299.0	-1310.21
0052.99	87845.48449	1428.61	2263101296.0	-1310.17
0053.02	87699.96014	1428.58	2271901300.0	-1310.13
0053.05	88581.88864	1428.55	2280701293.0	-1310.10
0053.10	87927.20279	1428.50	2289501300.0	-1310.06
0053.13	88286.39373	1428.47	2298301297.0	-1310.02
0053.16	88213.68649	1428.44	2307101292.0	-1310.00
0053.19	87477.29261	1428.41	2315901290.0	-1309.96
0053.24	89359.05029	1428.36	2324701294.0	-1309.91
0053.31	89845.39329	1428.29	2333501300.0	-1309.84
0053.35	89381.85881	1428.25	2342301296.0	-1309.80
0053.40	89300.01015	1428.20	2351101295.0	-1309.75
0053.45	88295.39434	1428.15	2359901301.0	-1309.70
0053.49	87781.83813	1428.11	2368701299.0	-1309.67
0053.53	89168.15142	1428.07	2377501302.0	-1309.63
0053.57	90072.76821	1428.03	2386301298.0	-1309.58
0053.61	88586.34350	1427.99	2395101300.0	-1309.54
0053.64	89086.33327	1427.96	2403901303.0	-1309.52
0053.68	87645.52426	1427.92	2412701296.0	-1309.48
0053.72	89286.34334	1427.88	2421501298.0	-1309.44
0053.77	88077.30275	1427.83	2430301295.0	-1309.38
0053.82	88590.91916	1427.78	2439101294.0	-1309.33
0053.87	88740.88892	1427.73	2447901296.0	-1309.29
0053.91	89099.97975	1427.69	2456701298.0	-1309.25
0053.94	89331.78773	1427.66	2465501301.0	-1309.21
0053.99	88781.89889	1427.61	2474301293.0	-1309.17
0054.03	88849.98990	1427.57	2483101294.0	-1309.13
0054.07	88790.87882	1427.53	2491901297.0	-1309.08
0054.10	88036.39365	1427.50	2500701294.0	-1309.05
0054.12	89090.84835	1427.48	2509501300.0	-1309.03
0054.16	88800.01009	1427.44	2518301299.0	-1308.99
0054.25	88186.39370	1427.35	2527101296.0	-1308.90
0054.32	87431.80825	1427.28	2535901297.0	-1308.83
0054.38	87345.45455	1427.22	2544701297.0	-1308.77
0054.44	86563.63636	1427.16	2553501297.0	-1308.71
0054.48	86513.59704	1427.12	2562301301.0	-1308.67
0054.51	86154.54545	1427.09	2571101301.0	-1308.64
0054.55	86913.66599	1427.05	2579901298.0	-1308.60
0054.59	86290.90909	1427.01	2588701298.0	-1308.56
0054.63	85404.57457	1426.97	2597501295.0	-1308.53
0054.65	86063.62658	1426.95	2606301296.0	-1308.50
0054.69	84504.54545	1426.91	2615101296.0	-1308.47
0054.74	85577.34080	1426.86	2623901289.0	-1308.42
0054.79	85449.88348	1426.81	2632701301.0	-1308.36
0054.86	83518.20080	1426.74	2641501299.0	-1308.30
0054.90	85127.32110	1426.70	2650301294.0	-1308.26
0054.93	84609.09091	1426.67	2659101294.0	-1308.22
0054.97	85022.69829	1426.63	2667901297.0	-1308.19
0055.01	84972.69830	1426.59	2676701300.0	-1308.14
0055.05	83140.90909	1426.55	2685501300.0	-1308.10
0055.09	83090.92798	1426.51	2694301298.0	-1308.06
0055.11	84218.21053	1426.49	2703101295.0	-1308.04
0055.15	82918.14413	1426.45	2711901299.0	-1308.00
0055.19	83172.73672	1426.41	2720701298.0	-1307.96
0055.26	81713.65493	1426.34	2729501296.0	-1307.89
0055.32	82881.74283	1426.28	2738301304.0	-1307.84
0055.36	81786.43799	1426.24	2747101296.0	-1307.79
0055.41	82454.52671	1426.19	2755901298.0	-1307.74
0055.45	82713.62696	1426.15	2764701299.0	-1307.70
0055.49	81536.40070	1426.11	2773501295.0	-1307.66
0055.54	81536.37290	1426.06	2782301294.0	-1307.61
0055.58	81909.08160	1426.02	2791101295.0	-1307.57
0055.62	82045.42658	1425.98	2799901298.0	-1307.53
0055.64	80945.48214	1425.96	2808701295.0	-1307.51
0055.69	81549.99073	1425.91	2817501296.0	-1307.47
0055.73	80445.44540	1425.87	2826301297.0	-1307.42
0055.79	81627.26345	1425.81	2835101298.0	-1307.37
0055.83	80750.00000	1425.77	2843901298.0	-1307.32
0055.87	82522.71790	1425.73	2852701299.0	-1307.28
0055.91	80413.65464	1425.69	2861501297.0	-1307.24
0055.95	81318.19106	1425.65	2870301296.0	-1307.20
0055.99	81236.40979	1425.61	2879101291.0	-1307.16
0056.03	80868.15425	1425.57	2887901294.0	-1307.12
0056.06	81472.65321	1425.54	2896701302.0	-1307.09
0056.09	79800.02720	1425.51	2905501299.0	-1307.07
0056.13	81063.68242	1425.47	2914301294.0	-1307.02
0056.17	81454.52694	1425.43	2923101296.0	-1306.99
0056.22	80295.43630	1425.38	2931901298.0	-1306.93
0056.26	81400.00000	1425.34	2940701298.0	-1306.89
0056.31	80590.93657	1425.29	2949501295.0	-1306.84
0056.37	81659.08163	1425.23	2958301296.0	-1306.79
0056.41	81622.68090	1425.19	2967101301.0	-1306.74
0056.45	82086.41028	1425.15	2975901296.0	-1306.70
0056.49	82127.28206	1425.11	2984701295.0	-1306.66
0056.53	80245.47278	1425.07	2993501293.0	-1306.62
0056.57	80745.41784	1425.03	3002301297.0	-1306.58
0056.61	80990.92750	1424.99	3011101295.0	-1306.54
0056.64	81254.53622	1424.96	3019901296.0	-1306.51
0056.68	81427.21721	1424.92	3028701302.0	-1306.47
0056.73	80286.40013	1424.87	3037501298.0	-1306.42
0056.79	80586.41858	1424.81	3046301292.0	-1306.36
0056.83	80695.48206	1424.77	3055101289.0	-1306.32
0056.88	80345.33585	1424.72	3063901302.0	-1306.28
0056.91	80736.40951	1424.69	3072701297.0	-1306.25
0056.95	80095.41814	1424.65	3081501301.0	-1306.20
0056.99	79540.96332	1424.61	3090301295.0	-1306.16
0057.03	78245.44565	1424.57	3099101296.0	-1306.12
0057.06	79659.08186	1424.54	3107901297.0	-1306.10
0057.10	78968.17284	1424.50	3116701298.0	-1306.06
0057.14	78804.55441	1424.46	3125501297.0	-1306.01
0057.20	78318.16402	1424.40	3134301299.0	-1305.95
0057.25	78163.61860	1424.35	3143101301.0	-1305.91
0057.29	77227.33416	1424.31	3151901294.0	-1305.86
0057.33	76959.07342	1424.27	3160701296.0	-1305.82
0057.38	76249.94801	1424.22	3169501302.0	-1305.77
0057.43	76200.00866	1424.17	3178301301.0	-1305.73
0057.46	75490.96914	1424.14	3187101294.0	-1305.69
0057.50	74859.05688	1424.10	3195901298.0	-1305.65
0057.53	74195.48827	1424.07	3204701294.0	-1305.62
0057.57	74481.82665	1424.03	3213501293.0	-1305.58
0057.62	73377.23104	1423.98	3222301298.0	-1305.53
0057.66	72577.27273	1423.94	3231101298.0	-1305.49
0057.71	72440.86793	1423.89	3239901303.0	-1305.44
0057.76	71822.78440	1423.84	3248701296.0	-1305.39
0057.80	70045.47842	1423.80	3257501293.0	-1305.35
0057.83	70309.07493	1423.77	3266301295.0	-1305.32
0057.87	69027.26488	1423.73	3275101296.0	-1305.28
0057.92	68463.63636	1423.68	3283901296.0	-1305.23
0057.96	67963.62864	1423.64	3292701297.0	-1305.19
0057.99	66595.43941	1423.61	3301501299.0	-1305.16
0058.01	66031.84069	1423.59	3310301296.0	-1305.14
0058.07	67049.95428	1423.53	3319101302.0	-1305.08
0058.17	64495.46187	1423.43	3327901301.0	-1304.98
0058.27	61509.13984	1423.33	3336701294.0	-1304.89
0058.36	60549.98624	1423.24	3345501296.0	-1304.79
0058.41	59822.73407	1423.19	3354301295.0	-1304.75
0058.45	57872.72070	1423.15	3363101296.0	-1304.71
0058.46	57636.35054	1423.14	3371901298.0	-1304.69
0058.49	58104.53885	1423.11	3380701299.0	-1304.66
0058.53	56804.56482	1423.07	3389501296.0	-1304.63
0058.56	56777.25337	1423.04	3398301299.0	-1304.60
0058.59	56200.01277	1423.01	3407101297.0	-1304.56
0058.64	54290.91526	1422.96	3415901296.0	-1304.52
0058.67	53568.15747	1422.93	3424701300.0	-1304.48
0058.74	52531.83012	1422.86	3433501298.0	-1304.41
0058.80	51595.46627	1422.80	3442301296.0	-1304.35
0058.84	50668.18182	1422.76	3451101296.0	-1304.31
0058.88	49472.72727	1422.72	3459901296.0	-1304.27
0058.92	48549.98897	1422.68	3468701298.0	-1304.23
0058.95	48518.20387	1422.65	3477501294.0	-1304.20
0058.99	47218.14962	1422.61	3486301300.0	-1304.16
0059.03	47522.72187	1422.57	3495101301.0	-1304.13
0059.06	45495.45455	1422.54	3503901301.0	-1304.09
0059.09	45600.02591	1422.51	3512701296.0	-1304.06
0059.14	44831.79271	1422.46	3521501301.0	-1304.01
0059.19	43572.74213	1422.41	3530301298.0	-1303.96
0059.25	43363.65115	1422.35	3539101295.0	-1303.90
0059.30	41704.57389	1422.30	3547901289.0	-1303.86
0059.34	41509.04846	1422.26	3556701298.0	-1303.82
0059.37	40636.35902	1422.23	3565501299.0	-1303.79
0059.41	40600.01384	1422.19	3574301296.0	-1303.74
0059.46	39209.07754	1422.14	3583101299.0	-1303.69
0059.51	40677.26810	1422.09	3591901300.0	-1303.65
0059.54	39468.20424	1422.06	3600701295.0	-1303.61
0059.56	38113.63203	1422.04	3609501296.0	-1303.59
0059.61	37790.88332	1421.99	3618301302.0	-1303.55
0059.65	37745.48886	1421.95	3627101294.0	-1303.51
0059.70	38131.79652	1421.90	3635901299.0	-1303.45
0059.74	36904.55804	1421.86	3644701296.0	-1303.41
0059.79	36113.63226	1421.81	3653501297.0	-1303.36
0059.82	35799.98780	1421.78	3662301300.0	-1303.33
0059.86	35959.08682	1421.74	3671101301.0	-1303.29
0059.91	35372.87600	1421.69	3679901264.0	-1303.24
0059.96	34822.60856	1421.64	3688701294.0	-1303.19
0059.99	34940.89321	1421.61	3697501298.0	-1303.16
0060.02	34977.24888	1421.58	3706301304.0	-1303.13
0060.05	34468.20924	1421.55	3715101297.0	-1303.10
0060.11	34400.01564	1421.49	3723901293.0	-1303.05
0060.17	34913.62049	1421.43	3732701297.0	-1302.98
0060.25	33936.33664	1421.35	3741501304.0	-1302.90
0060.30	33595.48127	1421.30	3750301297.0	-1302.85
0060.34	33790.90141	1421.26	3759101299.0	-1302.81
0060.38	33390.91668	1421.22	3767901297.0	-1302.77
0060.42	33218.18937	1421.18	3776701295.0	-1302.73
0060.45	33268.17426	1421.15	3785501297.0	-1302.70
0060.48	32399.97423	1421.12	3794301304.0	-1302.67
0060.52	33172.74612	1421.08	3803101299.0	-1302.63
0060.56	32650.01113	1421.04	3811901296.0	-1302.59
0060.59	31959.07275	1421.01	3820701301.0	-1302.56
0060.66	32890.92030	1420.94	3829501298.0	-1302.49
0060.71	32177.27638	1420.89	3838301297.0	-1302.44
0060.76	32518.18182	1420.84	3847101297.0	-1302.39
0060.80	31722.73448	1420.80	3855901295.0	-1302.35
0060.83	31736.49347	1420.77	3864701259.0	-1302.32
0060.87	32031.68714	1420.73	3873501295.0	-1302.28
0060.92	31854.53460	1420.68	3882301298.0	-1302.24
0060.96	31990.91636	1420.64	3891101296.0	-1302.19
0061.00	31249.99645	1420.60	3899901297.0	-1302.15
0061.02	31254.53125	1420.58	3908701301.0	-1302.13
0061.06	31204.55609	1420.54	3917501298.0	-1302.09
0061.11	31427.27987	1420.49	3926301296.0	-1302.04
0061.17	32023.01111	1420.43	3935101218.0	-1301.99
0061.21	31431.54673	1420.39	3943901294.0	-1301.94
0061.27	31472.71297	1420.33	3952701298.0	-1301.88
0061.30	31399.99643	1420.30	3961501299.0	-1301.86
0061.34	31268.19248	1420.26	3970301296.0	-1301.81
0061.39	31549.99283	1420.21	3979101298.0	-1301.76
0061.43	30990.91261	1420.17	3987901297.0	-1301.72
0061.48	31068.18182	1420.12	3996701297.0	-1301.68
0061.50	30881.80765	1420.10	4005501300.0	-1301.66
0061.54	31054.56663	1420.06	4014301294.0	-1301.61
0061.57	31145.42977	1420.03	4023101301.0	-1301.58
0061.63	30795.46154	1419.97	4031901299.0	-1301.52
0061.69	30654.55939	1419.91	4040701295.0	-1301.47
0061.73	30999.99648	1419.87	4049501296.0	-1301.42
0061.78	31090.91262	1419.82	4058301295.0	-1301.38
0061.81	30986.34955	1419.79	4067101299.0	-1301.34
0061.84	29995.45455	1419.76	4075901299.0	-1301.31
0061.89	30718.17484	1419.71	4084701301.0	-1301.26
0061.92	30254.55921	1419.68	4093501297.0	-1301.23
0061.95	30418.18527	1419.65	4102301296.0	-1301.20
0061.98	31004.55250	1419.62	4111101294.0	-1301.17
0062.04	30709.06299	1419.56	4119901302.0	-1301.12
0062.11	30013.64318	1419.49	4128701300.0	-1301.04
0062.20	31031.83229	1419.40	4137501296.0	-1300.95
0062.28	29963.62274	1419.32	4146301300.0	-1300.87
0062.32	30422.74456	1419.28	4155101295.0	-1300.83
0062.36	30713.61891	1419.24	4163901300.0	-1300.79
0062.39	30018.21934	1419.21	4172701289.0	-1300.76
0062.43	30486.32553	1419.17	4181501300.0	-1300.72
0062.46	30104.54545	1419.14	4190301300.0	-1300.69
0062.50	30868.19936	1419.10	4199101295.0	-1300.65
0062.54	30449.99308	1419.06	4207901297.0	-1300.61
0062.58	29499.98994	1419.02	4216701300.0	-1300.57
0062.62	30131.82845	1418.98	4225501297.0	-1300.53
0062.67	30300.00344	1418.93	4234301296.0	-1300.48
0062.73	30231.80788	1418.87	4243101299.0	-1300.42
0062.78	29977.26251	1418.82	4251901302.0	-1300.37
0062.81	31159.11924	1418.79	4260701294.0	-1300.34
0062.85	30454.53161	1418.75	4269501298.0	-1300.31
0062.90	30377.28654	1418.70	4278301294.0	-1300.26
0062.94	30572.71685	1418.66	4287101297.0	-1300.21
0062.98	-62.42407	1418.62	934001.0	-1300.17
0063.00	30077.28640	1418.60	9733997.0	-1300.15
0063.04	29936.35343	1418.56	18534000.0	-1300.12
0063.07	30259.08059	1418.53	27334003.0	-1300.08
0063.13	30831.83220	1418.47	36133999.0	-1300.02
0063.19	30431.82164	1418.41	44933998.0	-1299.96
0063.23	30386.36018	1418.37	53733999.0	-1299.92
0063.28	30177.26930	1418.32	62534000.0	-1299.87
0063.33	30199.98284	1418.27	71334005.0	-1299.82
0063.38	30209.10121	1418.22	80134002.0	-1299.77
0063.41	31109.08737	1418.19	88934003.0	-1299.74
0063.46	30127.28300	1418.14	97734000.0	-1299.69
0063.48	30263.61917	1418.12	106534005.0	-1299.67
0063.52	30568.19224	1418.08	115334002.0	-1299.63
0063.55	29899.99660	1418.05	124134003.0	-1299.60
0063.60	30772.72028	1418.00	132934005.0	-1299.55
0063.64	30254.54889	1417.96	141734004.0	-1299.51
0063.70	31077.26920	1417.90	150534005.0	-1299.45
0063.76	30381.82509	1417.84	159334003.0	-1299.39
0063.79	30018.19546	1417.81	168133999.0	-1299.36
0063.81	30463.77830	1417.79	176933958.0	-1299.34
0063.85	29795.31573	1417.75	185733999.0	-1299.30
0063.89	30168.17153	1417.71	194534002.0	-1299.26
0063.93	30390.91600	1417.67	203334000.0	-1299.22
0063.96	29959.08410	1417.64	212134002.0	-1299.20
0063.99	30404.55236	1417.61	220934000.0	-1299.16
0064.02	29745.45793	1417.58	229733999.0	-1299.13
0064.09	30459.09783	1417.51	238533997.0	-1299.06
0064.15	30095.44087	1417.45	247334001.0	-1299.00
0064.19	30563.64678	1417.41	256133998.0	-1298.96
0064.23	30613.62245	1417.37	264934002.0	-1298.92
0064.27	30322.75484	1417.33	273733994.0	-1298.88
0064.31	30577.26230	1417.29	282533997.0	-1298.84
0064.37	30849.98247	1417.23	291334002.0	-1298.79
0064.40	30309.10469	1417.20	300133998.0	-1298.75
0064.44	30509.08398	1417.16	308934000.0	-1298.71
0064.48	30577.26925	1417.12	317734001.0	-1298.67
0064.51	29936.36704	1417.09	326534000.0	-1298.64
0064.56	30522.71340	1417.04	335334004.0	-1298.59
0064.62	30699.99302	1416.98	344134006.0	-1298.53
0064.66	30450.02422	1416.94	352933999.0	-1298.49
0064.70	30722.72378	1416.90	361734000.0	-1298.45
0064.73	29868.18182	1416.87	370534000.0	-1298.42
0064.78	29886.36364	1416.82	379334000.0	-1298.37
0064.83	30704.54197	1416.77	388134001.0	-1298.32
0064.87	30022.72045	1416.73	396934003.0	-1298.28
0064.92	30409.10819	1416.68	405733998.0	-1298.23
0064.93	31063.63636	1416.67	414533998.0	-1298.22
0064.97	30295.42700	1416.63	423334006.0	-1298.18
0065.01	30709.12232	1416.59	432133997.0	-1298.14
0065.07	30722.71331	1416.53	440934001.0	-1298.08
0065.12	30236.36707	1416.48	449734000.0	-1298.03

#S C A N  C A N C E L L E D
