#XPS-spectrum

#Date/time: 	2018-12-14__19-31-39


#AK pressure: 	3,86E-8 	mbar
#Pass energy: 	15.0 	eV
#Volt. bias: 	-15.0 	V
#Volt. lens: 	-15.0 	V
#Counttime: 	200.0 	ms
#Vor: 	16.0 	V
#Nach: 	5.0 	V
#slope: 	0.613 	V/s
#offset: 	-48.850 	V


#Slope: 	0.0 	mV/s
#Counttime: 	200.0 	ms




#E_k 	 cps 	 Analyser 	 V_hemi 	 V_hemo 	 E_Pass 	 t_meas


1654.20	000259	-1596.24	-1607.04	072.96
1653.47	000264	-1595.51	-1606.31	072.96
1652.82	000277	-1594.87	-1605.67	072.96
1652.11	000341	-1594.16	-1604.96	072.96
1651.32	000345	-1593.36	-1604.16	072.96
1650.44	000277	-1592.48	-1603.28	072.96
1649.46	000341	-1591.50	-1602.30	072.96
1648.47	000277	-1590.51	-1601.31	072.96
1647.54	000341	-1589.58	-1600.38	072.96
1646.65	000332	-1588.69	-1599.49	072.96
1645.76	000291	-1587.81	-1598.61	072.96
1644.84	000282	-1586.88	-1597.68	072.96
1643.88	000318	-1585.92	-1596.72	072.96
1642.93	000364	-1584.98	-1595.78	072.96
1641.98	000273	-1584.02	-1594.82	072.96
1640.99	000205	-1583.03	-1593.83	072.96
1640.00	000318	-1582.04	-1592.84	072.96
1639.05	000323	-1581.09	-1591.89	072.96
1638.10	000309	-1580.14	-1590.94	072.96
1637.15	000314	-1579.19	-1589.99	072.96
1636.17	000282	-1578.21	-1589.01	072.96
1635.21	000359	-1577.25	-1588.05	072.96
1634.24	000255	-1576.29	-1587.09	072.96
1633.28	000355	-1575.32	-1586.12	072.96
1632.26	000259	-1574.30	-1585.10	072.96
1631.24	000282	-1573.29	-1584.09	072.96
1630.26	000318	-1572.30	-1583.10	072.96
1629.33	000323	-1571.38	-1582.18	072.96
1628.39	000332	-1570.43	-1581.23	072.96
1627.45	000318	-1569.50	-1580.30	072.96
1626.54	000323	-1568.58	-1579.38	072.96
1625.65	000391	-1567.69	-1578.49	072.96
1624.74	000305	-1566.78	-1577.58	072.96
1623.79	000305	-1565.83	-1576.63	072.96
1622.85	000345	-1564.90	-1575.70	072.96
1621.97	000364	-1564.01	-1574.81	072.96
1621.10	000359	-1563.15	-1573.95	072.96
1620.24	000350	-1562.28	-1573.08	072.96
1619.35	000318	-1561.40	-1572.20	072.96
1618.50	000405	-1560.54	-1571.34	072.96
1617.66	000255	-1559.71	-1570.51	072.96
1616.79	000277	-1558.83	-1569.63	072.96
1615.86	000309	-1557.91	-1568.71	072.96
1614.94	000314	-1556.98	-1567.78	072.96
1614.06	000282	-1556.11	-1566.91	072.96
1613.23	000268	-1555.27	-1566.07	072.96
1612.36	000355	-1554.40	-1565.20	072.96
1611.50	000336	-1553.55	-1564.35	072.96
1610.65	000432	-1552.70	-1563.50	072.96
1609.83	000336	-1551.87	-1562.67	072.96
1608.96	000350	-1551.00	-1561.80	072.96
1608.06	000364	-1550.11	-1560.91	072.96
1607.18	000250	-1549.22	-1560.02	072.96
1606.31	000364	-1548.35	-1559.15	072.96
1605.48	000341	-1547.52	-1558.32	072.96
1604.63	000377	-1546.68	-1557.48	072.96
1603.79	000336	-1545.84	-1556.64	072.96
1602.95	000309	-1544.99	-1555.79	072.96
1602.11	000332	-1544.16	-1554.96	072.96
1601.24	000336	-1543.29	-1554.09	072.96
1600.35	000327	-1542.40	-1553.20	072.96
1599.44	000323	-1541.49	-1552.29	072.96
1598.59	000309	-1540.64	-1551.44	072.96
1597.75	000400	-1539.79	-1550.59	072.96
1596.88	000377	-1538.93	-1549.73	072.96
1596.04	000395	-1538.08	-1548.88	072.96
1595.18	000323	-1537.22	-1548.02	072.96
1594.33	000336	-1536.38	-1547.18	072.96
1593.46	000282	-1535.50	-1546.30	072.96
1592.55	000386	-1534.59	-1545.39	072.96
1591.67	000368	-1533.72	-1544.52	072.96
1590.83	000332	-1532.88	-1543.68	072.96
1589.99	000391	-1532.03	-1542.83	072.96
1589.12	000355	-1531.17	-1541.97	072.96
1588.27	000373	-1530.32	-1541.12	072.96
1587.44	000336	-1529.49	-1540.29	072.96
1586.58	000368	-1528.62	-1539.42	072.96
1585.70	000418	-1527.74	-1538.54	072.96
1584.78	000386	-1526.82	-1537.62	072.96
1583.87	000300	-1525.92	-1536.72	072.96
1583.01	000445	-1525.05	-1535.85	072.96
1582.17	000359	-1524.21	-1535.01	072.96
1581.28	000336	-1523.33	-1534.13	072.96
1580.41	000327	-1522.45	-1533.25	072.96
1579.57	000423	-1521.62	-1532.42	072.96
1578.74	000386	-1520.78	-1531.58	072.96
1577.81	000309	-1519.85	-1530.65	072.96
1576.89	000332	-1518.94	-1529.74	072.96
1576.03	000400	-1518.07	-1528.87	072.96
1575.18	000377	-1517.22	-1528.02	072.96
1574.31	000423	-1516.35	-1527.15	072.96
1573.43	000345	-1515.48	-1526.28	072.96
1572.59	000423	-1514.63	-1525.43	072.96
1571.75	000377	-1513.79	-1524.59	072.96
1570.89	000395	-1512.94	-1523.74	072.96
1569.97	000391	-1512.02	-1522.82	072.96
1569.07	000436	-1511.12	-1521.92	072.96
1568.22	000432	-1510.27	-1521.07	072.96
1567.39	000332	-1509.44	-1520.24	072.96
1566.50	000445	-1508.55	-1519.35	072.96
1565.63	000436	-1507.68	-1518.48	072.96
1564.78	000341	-1506.83	-1517.63	072.96
1563.94	000327	-1505.98	-1516.78	072.96
1563.07	000377	-1505.11	-1515.91	072.96
1562.13	000391	-1504.17	-1514.97	072.96
1561.21	000473	-1503.26	-1514.06	072.96
1560.38	000500	-1502.42	-1513.22	072.96
1559.55	000364	-1501.59	-1512.39	072.96
1558.69	000368	-1500.73	-1511.53	072.96
1557.78	000368	-1499.82	-1510.62	072.96
1556.89	000423	-1498.93	-1509.73	072.96
1556.06	000391	-1498.10	-1508.90	072.96
1555.24	000432	-1497.29	-1508.09	072.96
1554.32	000450	-1496.36	-1507.16	072.96
1553.35	000359	-1495.40	-1506.20	072.96
1552.40	000395	-1494.44	-1505.24	072.96
1551.50	000464	-1493.54	-1504.34	072.96
1550.63	000318	-1492.67	-1503.47	072.96
1549.81	000400	-1491.85	-1502.65	072.96
1548.99	000432	-1491.04	-1501.84	072.96
1548.13	000405	-1490.17	-1500.97	072.96
1547.23	000350	-1489.28	-1500.08	072.96
1546.27	000368	-1488.32	-1499.12	072.96
1545.34	000336	-1487.39	-1498.19	072.96
1544.48	000305	-1486.52	-1497.32	072.96
1543.63	000450	-1485.67	-1496.47	072.96
1542.78	000468	-1484.82	-1495.62	072.96
1541.91	000386	-1483.95	-1494.75	072.96
1541.04	000491	-1483.08	-1493.88	072.96
1540.17	000345	-1482.21	-1493.01	072.96
1539.28	000441	-1481.32	-1492.12	072.96
1538.36	000427	-1480.41	-1491.21	072.96
1537.44	000405	-1479.49	-1490.29	072.96
1536.51	000482	-1478.56	-1489.36	072.96
1535.67	000386	-1477.72	-1488.52	072.96
1534.83	000409	-1476.88	-1487.68	072.96
1533.96	000464	-1476.01	-1486.81	072.96
1533.07	000423	-1475.11	-1485.91	072.96
1532.19	000445	-1474.23	-1485.03	072.96
1531.29	000441	-1473.33	-1484.13	072.96
1530.39	000427	-1472.43	-1483.23	072.96
1529.51	000382	-1471.55	-1482.35	072.96
1528.63	000432	-1470.67	-1481.47	072.96
1527.77	000386	-1469.81	-1480.61	072.96
1526.87	000355	-1468.92	-1479.72	072.96
1525.99	000395	-1468.04	-1478.84	072.96
1525.15	000423	-1467.19	-1477.99	072.96
1524.31	000432	-1466.35	-1477.15	072.96
1523.41	000400	-1465.46	-1476.26	072.96
1522.47	000445	-1464.52	-1475.32	072.96
1521.55	000464	-1463.59	-1474.39	072.96
1520.66	000441	-1462.71	-1473.51	072.96
1519.80	000464	-1461.84	-1472.64	072.96
1518.92	000368	-1460.96	-1471.76	072.96
1518.05	000491	-1460.10	-1470.90	072.96
1517.19	000450	-1459.23	-1470.03	072.96
1516.32	000514	-1458.36	-1469.16	072.96
1515.42	000500	-1457.46	-1468.26	072.96
1514.48	000495	-1456.53	-1467.33	072.96
1513.58	000486	-1455.63	-1466.43	072.96
1512.71	000514	-1454.75	-1465.55	072.96
1511.86	000486	-1453.90	-1464.70	072.96
1510.98	000586	-1453.03	-1463.83	072.96
1510.12	000655	-1452.16	-1462.96	072.96
1509.25	000586	-1451.29	-1462.09	072.96
1508.40	000486	-1450.44	-1461.24	072.96
1507.48	000632	-1449.53	-1460.33	072.96
1506.56	000586	-1448.61	-1459.41	072.96
1505.66	-000001	-1447.71	-1458.51	072.96
1504.78	000586	-1446.82	-1457.62	072.96
1503.91	000627	-1445.96	-1456.76	072.96
1503.03	000741	-1445.08	-1455.88	072.96
1502.16	001300	-1444.20	-1455.00	072.96
1501.30	001727	-1443.35	-1454.15	072.96
1500.44	002055	-1442.48	-1453.28	072.96
1499.53	001591	-1441.58	-1452.38	072.96
1498.62	001777	-1440.67	-1451.47	072.96
1497.72	001750	-1439.77	-1450.57	072.96
1496.87	001595	-1438.92	-1449.72	072.96
1496.01	001055	-1438.05	-1448.85	072.96
1495.14	000986	-1437.19	-1447.99	072.96
1494.28	000827	-1436.32	-1447.12	072.96
1493.43	000777	-1435.48	-1446.28	072.96
1492.56	000832	-1434.61	-1445.41	072.96
1491.63	000941	-1433.67	-1444.47	072.96
1490.69	000836	-1432.73	-1443.53	072.96
1489.77	000809	-1431.81	-1442.61	072.96
1488.90	001005	-1430.94	-1441.74	072.96
1488.03	000927	-1430.08	-1440.88	072.96
1487.14	000923	-1429.19	-1439.99	072.96
1486.27	000959	-1428.31	-1439.11	072.96
1485.40	000941	-1427.44	-1438.24	072.96
1484.53	001014	-1426.57	-1437.37	072.96
1483.61	000945	-1425.65	-1436.45	072.96
1482.69	001068	-1424.73	-1435.53	072.96
1481.80	001114	-1423.85	-1434.65	072.96
1480.95	000873	-1422.99	-1433.79	072.96
1480.09	001005	-1422.13	-1432.93	072.96
1479.20	000923	-1421.24	-1432.04	072.96
1478.32	000945	-1420.37	-1431.17	072.96
1477.47	000977	-1419.51	-1430.31	072.96
1476.60	000914	-1418.65	-1429.45	072.96
1475.68	000895	-1417.73	-1428.53	072.96
1474.75	000905	-1416.80	-1427.60	072.96
1473.86	000895	-1415.90	-1426.70	072.96
1473.00	000959	-1415.04	-1425.84	072.96
1472.14	000836	-1414.18	-1424.98	072.96
1471.26	000932	-1413.30	-1424.10	072.96
1470.38	000900	-1412.42	-1423.22	072.96
1469.53	001009	-1411.58	-1422.38	072.96
1468.67	000923	-1410.71	-1421.51	072.96
1467.74	000905	-1409.79	-1420.59	072.96
1466.83	000909	-1408.87	-1419.67	072.96
1465.95	000859	-1407.99	-1418.79	072.96
1465.10	000882	-1407.14	-1417.94	072.96
1464.23	001018	-1406.28	-1417.08	072.96
1463.35	001018	-1405.40	-1416.20	072.96
1462.49	000895	-1404.53	-1415.33	072.96
1461.65	000795	-1403.69	-1414.49	072.96
1460.75	001023	-1402.80	-1413.60	072.96
1459.82	000918	-1401.87	-1412.67	072.96
1458.91	000823	-1400.96	-1411.76	072.96
1458.03	000945	-1400.07	-1410.87	072.96
1457.15	000991	-1399.20	-1410.00	072.96
1456.28	001059	-1398.32	-1409.12	072.96
1455.40	001064	-1397.44	-1408.24	072.96
1454.53	001077	-1396.57	-1407.37	072.96
1453.68	000991	-1395.72	-1406.52	072.96
1452.78	001077	-1394.82	-1405.62	072.96
1451.85	001086	-1393.89	-1404.69	072.96
1450.94	001209	-1392.98	-1403.78	072.96
1450.07	001327	-1392.11	-1402.91	072.96
1449.23	001191	-1391.27	-1402.07	072.96
1448.35	001214	-1390.40	-1401.20	072.96
1447.47	001491	-1389.51	-1400.31	072.96
1446.61	001518	-1388.65	-1399.45	072.96
1445.77	001491	-1387.81	-1398.61	072.96
1444.87	001423	-1386.91	-1397.71	072.96
1443.94	001327	-1385.98	-1396.78	072.96
1443.03	001164	-1385.07	-1395.87	072.96
1442.15	001305	-1384.20	-1395.00	072.96
1441.30	001277	-1383.34	-1394.14	072.96
1440.42	001282	-1382.47	-1393.27	072.96
1439.54	001227	-1381.59	-1392.39	072.96
1438.68	001077	-1380.72	-1391.52	072.96
1437.82	001164	-1379.86	-1390.66	072.96
1436.94	001209	-1378.98	-1389.78	072.96
1436.02	001345	-1378.06	-1388.86	072.96
1435.12	001205	-1377.16	-1387.96	072.96
1434.25	001459	-1376.30	-1387.10	072.96
1433.41	001500	-1375.45	-1386.25	072.96
1432.53	001668	-1374.58	-1385.38	072.96
1431.66	001859	-1373.70	-1384.50	072.96
1430.81	002182	-1372.85	-1383.65	072.96
1429.95	002455	-1371.99	-1382.79	072.96
1429.02	002250	-1371.06	-1381.86	072.96
1428.08	002014	-1370.12	-1380.92	072.96
1427.16	002136	-1369.20	-1380.00	072.96
1426.28	002268	-1368.32	-1379.12	072.96
1425.42	002195	-1367.46	-1378.26	072.96
1424.54	001914	-1366.58	-1377.38	072.96
1423.66	001959	-1365.70	-1376.50	072.96
1422.80	002100	-1364.84	-1375.64	072.96
1421.92	002723	-1363.96	-1374.76	072.96
1420.99	007173	-1363.04	-1373.84	072.96
1420.08	011023	-1362.13	-1372.93	072.96
1419.20	008255	-1361.25	-1372.05	072.96
1418.34	005350	-1360.39	-1371.19	072.96
1417.47	006645	-1359.52	-1370.32	072.96
1416.59	010332	-1358.64	-1369.44	072.96
1415.72	008714	-1357.77	-1368.57	072.96
1414.87	005614	-1356.91	-1367.71	072.96
1414.00	004182	-1356.05	-1366.85	072.96
1413.08	003795	-1355.13	-1365.93	072.96
1412.17	003332	-1354.21	-1365.01	072.96
1411.28	003382	-1353.33	-1364.13	072.96
1410.40	003509	-1352.45	-1363.25	072.96
1409.53	003291	-1351.57	-1362.37	072.96
1408.64	003214	-1350.68	-1361.48	072.96
1407.78	003545	-1349.82	-1360.62	072.96
1406.92	003518	-1348.97	-1359.77	072.96
1406.05	003564	-1348.09	-1358.89	072.96
1405.13	003686	-1347.17	-1357.97	072.96
1404.21	003605	-1346.26	-1357.06	072.96
1403.33	003677	-1345.37	-1356.17	072.96
1402.48	003827	-1344.53	-1355.33	072.96
1401.62	003905	-1343.67	-1354.47	072.96
1400.74	003795	-1342.78	-1353.58	072.96
1399.87	004027	-1341.92	-1352.72	072.96
1399.03	003905	-1341.08	-1351.88	072.96
1398.15	004050	-1340.20	-1351.00	072.96
1397.21	004245	-1339.25	-1350.05	072.96
1396.28	004100	-1338.33	-1349.13	072.96
1395.38	003932	-1337.43	-1348.23	072.96
1394.52	004182	-1336.56	-1347.36	072.96
1393.65	004195	-1335.70	-1346.50	072.96
1392.78	004014	-1334.82	-1345.62	072.96
1391.89	004041	-1333.94	-1344.74	072.96
1391.02	004036	-1333.07	-1343.87	072.96
1390.15	004291	-1332.19	-1342.99	072.96
1389.23	004086	-1331.27	-1342.07	072.96
1388.32	003782	-1330.36	-1341.16	072.96
1387.44	004082	-1329.48	-1340.28	072.96
1386.59	003800	-1328.64	-1339.44	072.96
1385.72	004105	-1327.77	-1338.57	072.96
1384.85	003936	-1326.89	-1337.69	072.96
1383.98	003586	-1326.02	-1336.82	072.96
1383.13	003723	-1325.18	-1335.98	072.96
1382.25	003868	-1324.29	-1335.09	072.96
1381.32	004041	-1323.37	-1334.17	072.96
1380.41	003695	-1322.46	-1333.26	072.96
1379.53	003623	-1321.58	-1332.38	072.96
1378.66	003586	-1320.71	-1331.51	072.96
1377.80	003991	-1319.84	-1330.64	072.96
1376.93	003900	-1318.97	-1329.77	072.96
1376.06	003741	-1318.10	-1328.90	072.96
1375.19	003941	-1317.24	-1328.04	072.96
1374.30	003741	-1316.35	-1327.15	072.96
1373.37	003873	-1315.42	-1326.22	072.96
1372.48	003586	-1314.52	-1325.32	072.96
1371.62	003673	-1313.66	-1324.46	072.96
1370.76	003764	-1312.80	-1323.60	072.96
1369.94	003655	-1311.99	-1322.79	072.96
1369.09	003709	-1311.13	-1321.93	072.96
1368.24	003577	-1310.28	-1321.08	072.96
1367.40	004005	-1309.44	-1320.24	072.96
1366.48	004445	-1308.52	-1319.32	072.96
1365.53	004350	-1307.58	-1318.38	072.96
1364.62	004041	-1306.67	-1317.47	072.96
1363.75	004050	-1305.80	-1316.60	072.96
1362.89	003695	-1304.94	-1315.74	072.96
1362.00	004318	-1304.05	-1314.85	072.96
1361.12	004450	-1303.17	-1313.97	072.96
1360.26	004227	-1302.30	-1313.10	072.96
1359.40	004177	-1301.44	-1312.24	072.96
1358.49	003564	-1300.53	-1311.33	072.96
1357.55	003750	-1299.59	-1310.39	072.96
1356.66	003518	-1298.71	-1309.51	072.96
1355.80	003432	-1297.84	-1308.64	072.96
1354.95	003709	-1296.99	-1307.79	072.96
1354.07	003564	-1296.11	-1306.91	072.96
1353.19	003827	-1295.23	-1306.03	072.96
1352.33	003745	-1294.37	-1305.17	072.96
1351.48	003305	-1293.52	-1304.32	072.96
1350.57	003477	-1292.61	-1303.41	072.96
1349.64	003632	-1291.68	-1302.48	072.96
1348.73	003350	-1290.78	-1301.58	072.96
1347.87	003455	-1289.92	-1300.72	072.96
1347.00	003418	-1289.05	-1299.85	072.96
1346.12	003527	-1288.16	-1298.96	072.96
1345.25	003559	-1287.29	-1298.09	072.96
1344.39	003323	-1286.44	-1297.24	072.96
1343.53	003541	-1285.57	-1296.37	072.96
1342.61	003295	-1284.65	-1295.45	072.96
1341.70	003368	-1283.74	-1294.54	072.96
1340.81	003473	-1282.85	-1293.65	072.96
1339.95	003423	-1281.99	-1292.79	072.96
1339.10	003045	-1281.14	-1291.94	072.96
1338.23	003350	-1280.27	-1291.07	072.96
1337.36	003395	-1279.40	-1290.20	072.96
1336.50	003205	-1278.55	-1289.35	072.96
1335.64	003309	-1277.68	-1288.48	072.96
1334.72	003268	-1276.76	-1287.56	072.96
1333.79	003318	-1275.83	-1286.63	072.96
1332.87	003245	-1274.92	-1285.72	072.96
1332.01	003182	-1274.05	-1284.85	072.96
1331.14	003105	-1273.18	-1283.98	072.96
1330.27	003000	-1272.31	-1283.11	072.96
1329.40	003300	-1271.44	-1282.24	072.96
1328.54	003205	-1270.59	-1281.39	072.96
1327.65	003323	-1269.70	-1280.50	072.96
1326.73	003332	-1268.78	-1279.58	072.96
1325.83	003455	-1267.87	-1278.67	072.96
1324.95	003327	-1266.99	-1277.79	072.96
1324.09	003236	-1266.13	-1276.93	072.96
1323.22	003150	-1265.27	-1276.07	072.96
1322.35	003141	-1264.40	-1275.20	072.96
1321.49	003400	-1263.53	-1274.33	072.96
1320.64	003264	-1262.68	-1273.48	072.96
1319.76	003241	-1261.81	-1272.61	072.96
1318.84	003064	-1260.88	-1271.68	072.96
1317.92	003059	-1259.97	-1270.77	072.96
1317.04	003000	-1259.09	-1269.89	072.96
1316.18	003050	-1258.23	-1269.03	072.96
1315.31	002932	-1257.35	-1268.15	072.96
1314.43	003218	-1256.47	-1267.27	072.96
1313.57	002968	-1255.62	-1266.42	072.96
1312.73	002927	-1254.77	-1265.57	072.96
1311.84	002923	-1253.88	-1264.68	072.96
1310.92	002877	-1252.96	-1263.76	072.96
1310.01	002895	-1252.05	-1262.85	072.96
1309.15	003091	-1251.19	-1261.99	072.96
1308.30	002995	-1250.35	-1261.15	072.96
1307.44	003005	-1249.48	-1260.28	072.96
1306.57	002986	-1248.61	-1259.41	072.96
1305.70	003077	-1247.75	-1258.55	072.96
1304.86	003109	-1246.90	-1257.70	072.96
1303.96	002968	-1246.00	-1256.80	072.96
1303.00	002836	-1245.04	-1255.84	072.96
1302.06	003095	-1244.11	-1254.91	072.96
1301.17	002614	-1243.21	-1254.01	072.96
1300.32	003059	-1242.36	-1253.16	072.96
1299.44	003045	-1241.49	-1252.29	072.96
1298.57	003068	-1240.61	-1251.41	072.96
1297.69	002945	-1239.74	-1250.54	072.96
1296.82	002745	-1238.86	-1249.66	072.96
1295.92	002914	-1237.97	-1248.77	072.96
1294.99	002773	-1237.04	-1247.84	072.96
1294.10	003000	-1236.15	-1246.95	072.96
1293.23	002927	-1235.27	-1246.07	072.96
1292.37	002641	-1234.42	-1245.22	072.96
1291.48	002845	-1233.53	-1244.33	072.96
1290.61	002618	-1232.66	-1243.46	072.96
1289.75	002814	-1231.79	-1242.59	072.96
1288.89	002741	-1230.94	-1241.74	072.96
1287.99	002686	-1230.03	-1240.83	072.96
1287.06	002673	-1229.11	-1239.91	072.96
1286.16	002741	-1228.21	-1239.01	072.96
1285.29	002623	-1227.34	-1238.14	072.96
1284.42	002668	-1226.47	-1237.27	072.96
1283.53	002686	-1225.58	-1236.38	072.96
1282.66	002873	-1224.71	-1235.51	072.96
1281.79	002695	-1223.84	-1234.64	072.96
1280.94	002818	-1222.98	-1233.78	072.96
1280.02	002705	-1222.07	-1232.87	072.96
1279.10	002700	-1221.14	-1231.94	072.96
1278.21	002823	-1220.26	-1231.06	072.96
1277.37	002709	-1219.42	-1230.22	072.96
1276.51	002773	-1218.55	-1229.35	072.96
1275.63	002609	-1217.67	-1228.47	072.96
1274.77	002436	-1216.81	-1227.61	072.96
1273.90	002586	-1215.94	-1226.74	072.96
1273.05	002723	-1215.10	-1225.90	072.96
1272.12	002514	-1214.16	-1224.96	072.96
1271.19	002636	-1213.24	-1224.04	072.96
1270.29	002877	-1212.34	-1223.14	072.96
1269.42	002655	-1211.46	-1222.26	072.96
1268.55	002550	-1210.59	-1221.39	072.96
1267.65	002645	-1209.70	-1220.50	072.96
1266.78	002595	-1208.83	-1219.63	072.96
1265.93	002650	-1207.97	-1218.77	072.96
1265.06	002700	-1207.10	-1217.90	072.96
1264.14	002591	-1206.18	-1216.98	072.96
1263.22	002355	-1205.27	-1216.07	072.96
1262.33	002564	-1204.37	-1215.17	072.96
1261.48	002577	-1203.52	-1214.32	072.96
1260.62	002482	-1202.66	-1213.46	072.96
1259.73	002586	-1201.78	-1212.58	072.96
1258.87	002577	-1200.91	-1211.71	072.96
1258.01	002632	-1200.05	-1210.85	072.96
1257.14	002536	-1199.19	-1209.99	072.96
1256.22	002427	-1198.26	-1209.06	072.96
1255.30	002677	-1197.34	-1208.14	072.96
1254.40	002555	-1196.45	-1207.25	072.96
1253.53	002364	-1195.58	-1206.38	072.96
1252.67	002432	-1194.72	-1205.52	072.96
1251.80	002605	-1193.84	-1204.64	072.96
1250.93	002523	-1192.97	-1203.77	072.96
1250.06	002582	-1192.10	-1202.90	072.96
1249.19	002555	-1191.24	-1202.04	072.96
1248.28	002473	-1190.32	-1201.12	072.96
1247.39	002418	-1189.43	-1200.23	072.96
1246.50	002491	-1188.55	-1199.35	072.96
1245.65	002405	-1187.69	-1198.49	072.96
1244.79	002509	-1186.83	-1197.63	072.96
1243.91	002368	-1185.95	-1196.75	072.96
1243.06	002473	-1185.10	-1195.90	072.96
1242.20	002382	-1184.25	-1195.05	072.96
1241.32	002332	-1183.36	-1194.16	072.96
1240.37	002518	-1182.41	-1193.21	072.96
1239.44	002473	-1181.48	-1192.28	072.96
1238.56	002445	-1180.60	-1191.40	072.96
1237.70	002441	-1179.74	-1190.54	072.96
1236.82	002641	-1178.86	-1189.66	072.96
1235.94	002536	-1177.98	-1188.78	072.96
1235.07	002491	-1177.11	-1187.91	072.96
1234.21	002400	-1176.26	-1187.06	072.96
1233.31	002241	-1175.36	-1186.16	072.96
1232.38	002436	-1174.43	-1185.23	072.96
1231.49	002614	-1173.53	-1184.33	072.96
1230.61	002414	-1172.66	-1183.46	072.96
1229.76	002395	-1171.80	-1182.60	072.96
1228.88	002514	-1170.93	-1181.73	072.96
1227.99	002473	-1170.03	-1180.83	072.96
1227.13	002309	-1169.17	-1179.97	072.96
1226.29	002327	-1168.34	-1179.14	072.96
1225.39	002391	-1167.43	-1178.23	072.96
1224.45	002559	-1166.50	-1177.30	072.96
1223.55	002232	-1165.59	-1176.39	072.96
1222.67	002345	-1164.72	-1175.52	072.96
1221.82	002623	-1163.86	-1174.66	072.96
1220.94	002627	-1162.99	-1173.79	072.96
1220.06	003100	-1162.11	-1172.91	072.96
1219.20	003305	-1161.24	-1172.04	072.96
1218.34	003223	-1160.39	-1171.19	072.96
1217.45	002759	-1159.50	-1170.30	072.96
1216.53	002623	-1158.58	-1169.38	072.96
1215.63	002659	-1157.68	-1168.48	072.96
1214.76	002386	-1156.80	-1167.60	072.96
1213.92	002709	-1155.97	-1166.77	072.96
1213.05	002332	-1155.09	-1165.89	072.96
1212.17	002505	-1154.22	-1165.02	072.96
1211.32	002405	-1153.37	-1164.17	072.96
1210.45	002455	-1152.50	-1163.30	072.96
1209.54	002418	-1151.59	-1162.39	072.96
1208.62	002523	-1150.66	-1161.46	072.96
1207.71	002336	-1149.76	-1160.56	072.96
1206.83	002500	-1148.88	-1159.68	072.96
1205.98	002482	-1148.02	-1158.82	072.96
1205.10	002391	-1147.14	-1157.94	072.96
1204.22	002345	-1146.26	-1157.06	072.96
1203.35	002327	-1145.40	-1156.20	072.96
1202.48	002455	-1144.53	-1155.33	072.96
1201.58	002259	-1143.62	-1154.42	072.96
1200.67	002382	-1142.72	-1153.52	072.96
1199.79	002345	-1141.83	-1152.63	072.96
1198.92	002445	-1140.96	-1151.76	072.96
1198.05	002327	-1140.10	-1150.90	072.96
1197.18	002541	-1139.22	-1150.02	072.96
1196.31	002291	-1138.35	-1149.15	072.96
1195.46	002295	-1137.51	-1148.31	072.96
1194.59	002327	-1136.64	-1147.44	072.96
1193.67	002318	-1135.71	-1146.51	072.96
1192.76	002445	-1134.80	-1145.60	072.96
1191.86	002282	-1133.90	-1144.70	072.96
1190.99	002314	-1133.04	-1143.84	072.96
1190.12	002305	-1132.17	-1142.97	072.96
1189.23	002264	-1131.28	-1142.08	072.96
1188.37	002409	-1130.42	-1141.22	072.96
1187.51	002450	-1129.56	-1140.36	072.96
1186.66	002473	-1128.70	-1139.50	072.96
1185.73	002445	-1127.78	-1138.58	072.96
1184.82	002527	-1126.87	-1137.67	072.96
1183.95	002486	-1125.99	-1136.79	072.96
1183.10	002514	-1125.14	-1135.94	072.96
1182.23	002482	-1124.28	-1135.08	072.96
1181.36	002623	-1123.40	-1134.20	072.96
1180.50	002477	-1122.54	-1133.34	072.96
1179.66	002677	-1121.71	-1132.51	072.96
1178.77	002773	-1120.82	-1131.62	072.96
1177.82	002632	-1119.86	-1130.66	072.96
1176.87	002618	-1118.92	-1129.72	072.96
1175.98	002591	-1118.02	-1128.82	072.96
1175.13	002886	-1117.17	-1127.97	072.96
1174.26	002736	-1116.31	-1127.11	072.96
1173.38	002773	-1115.43	-1126.23	072.96
1172.53	002959	-1114.57	-1125.37	072.96
1171.71	003768	-1113.76	-1124.56	072.96
1170.83	003941	-1112.88	-1123.68	072.96
1169.90	004795	-1111.95	-1122.75	072.96
1168.98	004973	-1111.03	-1121.83	072.96
1168.11	004882	-1110.15	-1120.95	072.96
1167.26	004459	-1109.31	-1120.11	072.96
1166.39	004127	-1108.43	-1119.23	072.96
1165.50	003836	-1107.55	-1118.35	072.96
1164.64	003627	-1106.69	-1117.49	072.96
1163.78	003409	-1105.83	-1116.63	072.96
1162.90	003423	-1104.94	-1115.74	072.96
1161.97	003623	-1104.02	-1114.82	072.96
1161.06	003255	-1103.11	-1113.91	072.96
1160.17	003209	-1102.22	-1113.02	072.96
1159.31	003227	-1101.36	-1112.16	072.96
1158.43	003459	-1100.47	-1111.27	072.96
1157.56	003477	-1099.60	-1110.40	072.96
1156.69	003536	-1098.73	-1109.53	072.96
1155.83	003327	-1097.88	-1108.68	072.96
1154.94	003668	-1096.98	-1107.78	072.96
1154.02	003573	-1096.06	-1106.86	072.96
1153.13	003886	-1095.17	-1105.97	072.96
1152.26	004232	-1094.31	-1105.11	072.96
1151.41	004609	-1093.45	-1104.25	072.96
1150.53	004932	-1092.57	-1103.37	072.96
1149.65	004518	-1091.70	-1102.50	072.96
1148.80	004132	-1090.85	-1101.65	072.96
1147.95	004132	-1090.00	-1100.80	072.96
1147.04	003936	-1089.09	-1099.89	072.96
1146.11	003664	-1088.16	-1098.96	072.96
1145.21	003659	-1087.25	-1098.05	072.96
1144.34	003623	-1086.38	-1097.18	072.96
1143.47	003477	-1085.51	-1096.31	072.96
1142.58	003545	-1084.62	-1095.42	072.96
1141.69	003595	-1083.73	-1094.53	072.96
1140.83	003441	-1082.88	-1093.68	072.96
1139.98	003477	-1082.02	-1092.82	072.96
1139.06	003400	-1081.11	-1091.91	072.96
1138.13	003632	-1080.17	-1090.97	072.96
1137.23	003273	-1079.28	-1090.08	072.96
1136.39	003759	-1078.43	-1089.23	072.96
1135.53	003582	-1077.57	-1088.37	072.96
1134.65	003555	-1076.69	-1087.49	072.96
1133.78	003391	-1075.82	-1086.62	072.96
1132.92	003468	-1074.97	-1085.77	072.96
1132.07	003473	-1074.12	-1084.92	072.96
1131.16	003482	-1073.21	-1084.01	072.96
1130.24	003409	-1072.28	-1083.08	072.96
1129.34	003318	-1071.38	-1082.18	072.96
1128.46	003295	-1070.51	-1081.31	072.96
1127.61	003445	-1069.66	-1080.46	072.96
1126.72	003464	-1068.77	-1079.57	072.96
1125.85	003336	-1067.90	-1078.70	072.96
1124.99	003427	-1067.04	-1077.84	072.96
1124.14	003509	-1066.18	-1076.98	072.96
1123.23	003445	-1065.27	-1076.07	072.96
1122.32	003141	-1064.36	-1075.16	072.96
1121.43	003350	-1063.47	-1074.27	072.96
1120.57	003445	-1062.61	-1073.41	072.96
1119.71	003182	-1061.75	-1072.55	072.96
1118.83	003291	-1060.88	-1071.68	072.96
1117.97	003332	-1060.02	-1070.82	072.96
1117.12	003114	-1059.17	-1069.97	072.96
1116.26	003395	-1058.30	-1069.10	072.96
1115.33	003127	-1057.37	-1068.17	072.96
1114.40	003150	-1056.45	-1067.25	072.96
1113.49	003318	-1055.53	-1066.33	072.96
1112.62	003450	-1054.66	-1065.46	072.96
1111.75	003282	-1053.79	-1064.59	072.96
1110.87	003155	-1052.92	-1063.72	072.96
1110.00	003132	-1052.04	-1062.84	072.96
1109.14	003009	-1051.18	-1061.98	072.96
1108.26	003045	-1050.30	-1061.10	072.96
1107.34	002973	-1049.38	-1060.18	072.96
1106.42	003100	-1048.46	-1059.26	072.96
1105.55	003091	-1047.59	-1058.39	072.96
1104.69	003123	-1046.74	-1057.54	072.96
1103.82	003005	-1045.86	-1056.66	072.96
1102.94	003023	-1044.98	-1055.78	072.96
1102.08	003095	-1044.13	-1054.93	072.96
1101.22	003023	-1043.27	-1054.07	072.96
1100.34	002995	-1042.38	-1053.18	072.96
1099.42	002964	-1041.46	-1052.26	072.96
1098.50	003041	-1040.55	-1051.35	072.96
1097.62	002991	-1039.66	-1050.46	072.96
1096.75	002818	-1038.80	-1049.60	072.96
1095.87	003082	-1037.92	-1048.72	072.96
1094.99	002941	-1037.04	-1047.84	072.96
1094.13	002923	-1036.17	-1046.97	072.96
1093.28	003182	-1035.33	-1046.13	072.96
1092.40	003295	-1034.45	-1045.25	072.96
1091.48	003041	-1033.52	-1044.32	072.96
1090.56	003227	-1032.61	-1043.41	072.96
1089.70	003214	-1031.74	-1042.54	072.96
1088.85	002941	-1030.89	-1041.69	072.96
1087.98	003286	-1030.02	-1040.82	072.96
1087.10	002968	-1029.15	-1039.95	072.96
1086.25	002855	-1028.29	-1039.09	072.96
1085.40	003009	-1027.44	-1038.24	072.96
1084.50	002877	-1026.54	-1037.34	072.96
1083.57	002923	-1025.61	-1036.41	072.96
1082.65	002786	-1024.70	-1035.50	072.96
1081.77	002755	-1023.81	-1034.61	072.96
1080.91	002955	-1022.95	-1033.75	072.96
1080.04	002723	-1022.08	-1032.88	072.96
1079.16	002823	-1021.20	-1032.00	072.96
1078.29	002823	-1020.33	-1031.13	072.96
1077.43	002736	-1019.47	-1030.27	072.96
1076.53	002973	-1018.58	-1029.38	072.96
1075.61	003005	-1017.66	-1028.46	072.96
1074.71	-000006	-1016.76	-1027.56	072.96
1073.84	002891	-1015.89	-1026.69	072.96
1073.00	002968	-1015.05	-1025.85	072.96
1072.13	003005	-1014.18	-1024.98	072.96
1071.27	002873	-1013.31	-1024.11	072.96
1070.41	002936	-1012.46	-1023.26	072.96
1069.55	002918	-1011.60	-1022.40	072.96
1068.64	002768	-1010.69	-1021.49	072.96
1067.73	002914	-1009.77	-1020.57	072.96
1066.82	002786	-1008.87	-1019.67	072.96
1065.95	002800	-1007.99	-1018.79	072.96
1065.10	002559	-1007.14	-1017.94	072.96
1064.22	002814	-1006.26	-1017.06	072.96
1063.34	002505	-1005.38	-1016.18	072.96
1062.48	002491	-1004.53	-1015.33	072.96
1061.63	002682	-1003.67	-1014.47	072.96
1060.72	002495	-1002.77	-1013.57	072.96
1059.80	002718	-1001.84	-1012.64	072.96
1058.92	002627	-1000.96	-1011.76	072.96
1058.06	002809	-1000.11	-1010.91	072.96
1057.21	002859	-0999.25	-1010.05	072.96
1056.34	002645	-0998.38	-1009.18	072.96
1055.48	002700	-0997.52	-1008.32	072.96
1054.63	002627	-0996.67	-1007.47	072.96
1053.76	002623	-0995.80	-1006.60	072.96
1052.80	002350	-0994.85	-1005.65	072.96
1051.85	002709	-0993.90	-1004.70	072.96
1050.94	002605	-0992.98	-1003.78	072.96
1050.08	002632	-0992.13	-1002.93	072.96
1049.21	002664	-0991.26	-1002.06	072.96
1048.33	002368	-0990.38	-1001.18	072.96
1047.46	002500	-0989.50	-1000.30	072.96
1046.59	002618	-0988.63	-0999.43	072.96
1045.72	002518	-0987.77	-0998.57	072.96
1044.80	002755	-0986.84	-0997.64	072.96
1043.88	002468	-0985.92	-0996.72	072.96
1042.99	002545	-0985.03	-0995.83	072.96
1042.14	002586	-0984.18	-0994.98	072.96
1041.28	002718	-0983.32	-0994.12	072.96
1040.39	002277	-0982.43	-0993.23	072.96
1039.51	002518	-0981.56	-0992.36	072.96
1038.66	002468	-0980.70	-0991.50	072.96
1037.79	002345	-0979.84	-0990.64	072.96
1036.87	002527	-0978.91	-0989.71	072.96
1035.95	002432	-0978.00	-0988.80	072.96
1035.06	002541	-0977.10	-0987.90	072.96
1034.19	002405	-0976.23	-0987.03	072.96
1033.32	002527	-0975.37	-0986.17	072.96
1032.44	002427	-0974.49	-0985.29	072.96
1031.58	002395	-0973.62	-0984.42	072.96
1030.71	002395	-0972.76	-0983.56	072.96
1029.83	002418	-0971.87	-0982.67	072.96
1028.91	002373	-0970.96	-0981.76	072.96
1028.01	002318	-0970.05	-0980.85	072.96
1027.13	002500	-0969.17	-0979.97	072.96
1026.27	002295	-0968.32	-0979.12	072.96
1025.40	002400	-0967.44	-0978.24	072.96
1024.53	002223	-0966.57	-0977.37	072.96
1023.67	002377	-0965.72	-0976.52	072.96
1022.82	002614	-0964.87	-0975.67	072.96
1021.93	002250	-0963.98	-0974.78	072.96
1021.00	002405	-0963.04	-0973.84	072.96
1020.08	002359	-0962.13	-0972.93	072.96
1019.19	002359	-0961.24	-0972.04	072.96
1018.33	002355	-0960.37	-0971.17	072.96
1017.44	002605	-0959.49	-0970.29	072.96
1016.57	002341	-0958.61	-0969.41	072.96
1015.70	002305	-0957.75	-0968.55	072.96
1014.85	002568	-0956.89	-0967.69	072.96
1013.96	002405	-0956.00	-0966.80	072.96
1013.02	002282	-0955.06	-0965.86	072.96
1012.12	002205	-0954.16	-0964.96	072.96
1011.25	002159	-0953.29	-0964.09	072.96
1010.39	002291	-0952.43	-0963.23	072.96
1009.51	002400	-0951.55	-0962.35	072.96
1008.64	002236	-0950.68	-0961.48	072.96
1007.79	002264	-0949.83	-0960.63	072.96
1006.92	002341	-0948.97	-0959.77	072.96
1006.03	002164	-0948.07	-0958.87	072.96
1005.10	002368	-0947.14	-0957.94	072.96
1004.19	002145	-0946.24	-0957.04	072.96
1003.32	002145	-0945.36	-0956.16	072.96
1002.46	002141	-0944.51	-0955.31	072.96
1001.58	002100	-0943.62	-0954.42	072.96
1000.70	002200	-0942.74	-0953.54	072.96
0999.83	002068	-0941.88	-0952.68	072.96
0998.99	002214	-0941.03	-0951.83	072.96
0998.09	002118	-0940.13	-0950.93	072.96
0997.16	002109	-0939.21	-0950.01	072.96
0996.26	002173	-0938.30	-0949.10	072.96
0995.40	002050	-0937.44	-0948.24	072.96
0994.55	002205	-0936.60	-0947.40	072.96
0993.69	002391	-0935.73	-0946.53	072.96
0992.82	002382	-0934.86	-0945.66	072.96
0991.96	002191	-0934.01	-0944.81	072.96
0991.10	002041	-0933.15	-0943.95	072.96
0990.19	002127	-0932.23	-0943.03	072.96
0989.25	002195	-0931.29	-0942.09	072.96
0988.35	002159	-0930.39	-0941.19	072.96
0987.46	002136	-0929.50	-0940.30	072.96
0986.59	002268	-0928.64	-0939.44	072.96
0985.72	002182	-0927.76	-0938.56	072.96
0984.85	002136	-0926.89	-0937.69	072.96
0983.98	002195	-0926.02	-0936.82	072.96
0983.10	002182	-0925.15	-0935.95	072.96
0982.19	002255	-0924.24	-0935.04	072.96
0981.27	002123	-0923.32	-0934.12	072.96
0980.39	002223	-0922.43	-0933.23	072.96
0979.52	002177	-0921.56	-0932.36	072.96
0978.66	001936	-0920.70	-0931.50	072.96
0977.78	002095	-0919.82	-0930.62	072.96
0976.92	002036	-0918.96	-0929.76	072.96
0976.07	001968	-0918.11	-0928.91	072.96
0975.19	002032	-0917.23	-0928.03	072.96
0974.30	002355	-0916.35	-0927.15	072.96
0973.41	002336	-0915.45	-0926.25	072.96
0972.51	002327	-0914.55	-0925.35	072.96
0971.65	002123	-0913.69	-0924.49	072.96
0970.78	002345	-0912.82	-0923.62	072.96
0969.89	002132	-0911.94	-0922.74	072.96
0969.02	002355	-0911.07	-0921.87	072.96
0968.17	002205	-0910.21	-0921.01	072.96
0967.30	002214	-0909.34	-0920.14	072.96
0966.38	002177	-0908.42	-0919.22	072.96
0965.47	002082	-0907.51	-0918.31	072.96
0964.59	002164	-0906.64	-0917.44	072.96
0963.74	002095	-0905.79	-0916.59	072.96
0962.89	002232	-0904.93	-0915.73	072.96
0962.00	002295	-0904.04	-0914.84	072.96
0961.14	002186	-0903.18	-0913.98	072.96
0960.29	002227	-0902.33	-0913.13	072.96
0959.41	002468	-0901.45	-0912.25	072.96
0958.48	002623	-0900.52	-0911.32	072.96
0957.56	002686	-0899.60	-0910.40	072.96
0956.66	002591	-0898.70	-0909.50	072.96
0955.80	002618	-0897.84	-0908.64	072.96
0954.93	002277	-0896.98	-0907.78	072.96
0954.05	002332	-0896.09	-0906.89	072.96
0953.17	002250	-0895.22	-0906.02	072.96
0952.30	002359	-0894.35	-0905.15	072.96
0951.42	002259	-0893.47	-0904.27	072.96
0950.51	002327	-0892.56	-0903.36	072.96
0949.59	002123	-0891.64	-0902.44	072.96
0948.72	002305	-0890.76	-0901.56	072.96
0947.87	002005	-0889.91	-0900.71	072.96
0947.00	002100	-0889.05	-0899.85	072.96
0946.14	002114	-0888.18	-0898.98	072.96
0945.26	002205	-0887.31	-0898.11	072.96
0944.41	002177	-0886.45	-0897.25	072.96
0943.52	002073	-0885.57	-0896.37	072.96
0942.60	002073	-0884.65	-0895.45	072.96
0941.69	002073	-0883.74	-0894.54	072.96
0940.81	002077	-0882.86	-0893.66	072.96
0939.95	002218	-0881.99	-0892.79	072.96
0939.07	002150	-0881.12	-0891.92	072.96
0938.20	001955	-0880.24	-0891.04	072.96
0937.34	002459	-0879.38	-0890.18	072.96
0936.48	002114	-0878.52	-0889.32	072.96
0935.58	002132	-0877.63	-0888.43	072.96
0934.67	002200	-0876.72	-0887.52	072.96
0933.78	002245	-0875.83	-0886.63	072.96
0932.92	002168	-0874.96	-0885.76	072.96
0932.07	002236	-0874.12	-0884.92	072.96
0931.20	002018	-0873.24	-0884.04	072.96
0930.32	002000	-0872.37	-0883.17	072.96
0929.48	002082	-0871.53	-0882.33	072.96
0928.63	002114	-0870.68	-0881.48	072.96
0927.70	002236	-0869.75	-0880.55	072.96
0926.75	002114	-0868.79	-0879.59	072.96
0925.83	002145	-0867.87	-0878.67	072.96
0924.95	002155	-0867.00	-0877.80	072.96
0924.10	002332	-0866.14	-0876.94	072.96
0923.21	002168	-0865.26	-0876.06	072.96
0922.34	002073	-0864.38	-0875.18	072.96
0921.47	002245	-0863.51	-0874.31	072.96
0920.60	002059	-0862.64	-0873.44	072.96
0919.69	001941	-0861.73	-0872.53	072.96
0918.76	002382	-0860.81	-0871.61	072.96
0917.87	002136	-0859.91	-0870.71	072.96
0917.01	002127	-0859.05	-0869.85	072.96
0916.15	002073	-0858.20	-0869.00	072.96
0915.26	002050	-0857.31	-0868.11	072.96
0914.39	001909	-0856.44	-0867.24	072.96
0913.54	001932	-0855.58	-0866.38	072.96
0912.68	002227	-0854.72	-0865.52	072.96
0911.76	001986	-0853.81	-0864.61	072.96
0910.84	001914	-0852.88	-0863.68	072.96
0909.94	002055	-0851.98	-0862.78	072.96
0909.06	001959	-0851.11	-0861.91	072.96
0908.20	001923	-0850.25	-0861.05	072.96
0907.31	001968	-0849.36	-0860.16	072.96
0906.45	002023	-0848.49	-0859.29	072.96
0905.58	001868	-0847.63	-0858.43	072.96
0904.72	002032	-0846.76	-0857.56	072.96
0903.81	002241	-0845.86	-0856.66	072.96
0902.90	002064	-0844.94	-0855.74	072.96
0902.02	002132	-0844.06	-0854.86	072.96
0901.16	002200	-0843.20	-0854.00	072.96
0900.29	002109	-0842.34	-0853.14	072.96
0899.41	001877	-0841.46	-0852.26	072.96
0898.55	001800	-0840.59	-0851.39	072.96
0897.69	001977	-0839.74	-0850.54	072.96
0896.82	002150	-0838.87	-0849.67	072.96
0895.89	001964	-0837.94	-0848.74	072.96
0894.97	002168	-0837.02	-0847.82	072.96
0894.08	001950	-0836.12	-0846.92	072.96
0893.20	001850	-0835.24	-0846.04	072.96
0892.32	001841	-0834.36	-0845.16	072.96
0891.44	001868	-0833.49	-0844.29	072.96
0890.58	002027	-0832.62	-0843.42	072.96
0889.72	001914	-0831.76	-0842.56	072.96
0888.83	001923	-0830.88	-0841.68	072.96
0887.91	001886	-0829.95	-0840.75	072.96
0887.00	001955	-0829.04	-0839.84	072.96
0886.13	001900	-0828.17	-0838.97	072.96
0885.26	001991	-0827.31	-0838.11	072.96
0884.39	001982	-0826.44	-0837.24	072.96
0883.51	001936	-0825.56	-0836.36	072.96
0882.66	002105	-0824.70	-0835.50	072.96
0881.81	002018	-0823.85	-0834.65	072.96
0880.92	001855	-0822.97	-0833.77	072.96
0879.99	001986	-0822.04	-0832.84	072.96
0879.08	002136	-0821.12	-0831.92	072.96
0878.20	001864	-0820.24	-0831.04	072.96
0877.34	001750	-0819.39	-0830.19	072.96
0876.47	001905	-0818.51	-0829.31	072.96
0875.59	002045	-0817.63	-0828.43	072.96
0874.72	001750	-0816.76	-0827.56	072.96
0873.87	001977	-0815.92	-0826.72	072.96
0872.99	001850	-0815.03	-0825.83	072.96
0872.06	001991	-0814.10	-0824.90	072.96
0871.16	001882	-0813.21	-0824.01	072.96
0870.29	001968	-0812.33	-0823.13	072.96
0869.44	001895	-0811.49	-0822.29	072.96
0868.58	001927	-0810.63	-0821.43	072.96
0867.70	001877	-0809.75	-0820.55	072.96
0866.85	001995	-0808.89	-0819.69	072.96
0865.99	002018	-0808.04	-0818.84	072.96
0865.10	001823	-0807.14	-0817.94	072.96
0864.17	001932	-0806.21	-0817.01	072.96
0863.24	001886	-0805.28	-0816.08	072.96
0862.35	001841	-0804.39	-0815.19	072.96
0861.50	001995	-0803.54	-0814.34	072.96
0860.62	001891	-0802.66	-0813.46	072.96
0859.74	001932	-0801.78	-0812.58	072.96
0858.86	001900	-0800.90	-0811.70	072.96
0858.00	001836	-0800.05	-0810.85	072.96
0857.10	001818	-0799.15	-0809.95	072.96
0856.18	001982	-0798.22	-0809.02	072.96
0855.28	002182	-0797.32	-0808.12	072.96
0854.40	001782	-0796.45	-0807.25	072.96
0853.56	002109	-0795.60	-0806.40	072.96
0852.68	001791	-0794.72	-0805.52	072.96
0851.80	002032	-0793.85	-0804.65	072.96
0850.95	001900	-0792.99	-0803.79	072.96
0850.08	001814	-0792.13	-0802.93	072.96
0849.18	001923	-0791.22	-0802.02	072.96
0848.26	001782	-0790.30	-0801.10	072.96
0847.37	001814	-0789.41	-0800.21	072.96
0846.49	001909	-0788.53	-0799.33	072.96
0845.62	001768	-0787.66	-0798.46	072.96
0844.74	001664	-0786.78	-0797.58	072.96
0843.87	001909	-0785.92	-0796.72	072.96
0843.01	001795	-0785.05	-0795.85	072.96
0842.15	001855	-0784.20	-0795.00	072.96
0841.24	001905	-0783.29	-0794.09	072.96
0840.33	001864	-0782.37	-0793.17	072.96
0839.43	001723	-0781.48	-0792.28	072.96
0838.58	001786	-0780.62	-0791.42	072.96
0837.71	001659	-0779.76	-0790.56	072.96
0836.84	001791	-0778.88	-0789.68	072.96
0835.97	001886	-0778.02	-0788.82	072.96
0835.12	001727	-0777.17	-0787.97	072.96
0834.26	001777	-0776.31	-0787.11	072.96
0833.33	001836	-0775.38	-0786.18	072.96
0832.41	001850	-0774.45	-0785.25	072.96
0831.51	001732	-0773.55	-0784.35	072.96
0830.64	001673	-0772.69	-0783.49	072.96
0829.78	001827	-0771.82	-0782.62	072.96
0828.89	001859	-0770.94	-0781.74	072.96
0828.02	001845	-0770.06	-0780.86	072.96
0827.16	001727	-0769.20	-0780.00	072.96
0826.30	001677	-0768.34	-0779.14	072.96
0825.38	001691	-0767.42	-0778.22	072.96
0824.47	001773	-0766.51	-0777.31	072.96
0823.58	001668	-0765.62	-0776.42	072.96
0822.72	001859	-0764.77	-0775.57	072.96
0821.86	001727	-0763.90	-0774.70	072.96
0820.98	001918	-0763.03	-0773.83	072.96
0820.12	001814	-0762.16	-0772.96	072.96
0819.27	001686	-0761.31	-0772.11	072.96
0818.40	001709	-0760.44	-0771.24	072.96
0817.48	001832	-0759.53	-0770.33	072.96
0816.56	001773	-0758.60	-0769.40	072.96
0815.67	001818	-0757.71	-0768.51	072.96
0814.80	001723	-0756.84	-0767.64	072.96
0813.94	001782	-0755.98	-0766.78	072.96
0813.07	001868	-0755.11	-0765.91	072.96
0812.19	001805	-0754.24	-0765.04	072.96
0811.33	001659	-0753.37	-0764.17	072.96
0810.46	001759	-0752.50	-0763.30	072.96
0809.54	001609	-0751.59	-0762.39	072.96
0808.64	001805	-0750.69	-0761.49	072.96
0807.76	001782	-0749.80	-0760.60	072.96
0806.91	001718	-0748.96	-0759.76	072.96
0806.05	001818	-0748.10	-0758.90	072.96
0805.18	001841	-0747.22	-0758.02	072.96
0804.32	001573	-0746.37	-0757.17	072.96
0803.47	001636	-0745.52	-0756.32	072.96
0802.57	001655	-0744.62	-0755.42	072.96
0801.62	001718	-0743.66	-0754.46	072.96
0800.70	001718	-0742.74	-0753.54	072.96
0799.81	001768	-0741.85	-0752.65	072.96
0798.95	001627	-0740.99	-0751.79	072.96
0798.06	001709	-0740.11	-0750.91	072.96
0797.19	001682	-0739.23	-0750.03	072.96
0796.33	001809	-0738.37	-0749.17	072.96
0795.46	001668	-0737.51	-0748.31	072.96
0794.56	001755	-0736.60	-0747.40	072.96
0793.63	001768	-0735.67	-0746.47	072.96
0792.72	001632	-0734.77	-0745.57	072.96
0791.86	001632	-0733.90	-0744.70	072.96
0791.00	001636	-0733.04	-0743.84	072.96
0790.11	001841	-0732.16	-0742.96	072.96
0789.24	001727	-0731.28	-0742.08	072.96
0788.38	001691	-0730.43	-0741.23	072.96
0787.53	001909	-0729.57	-0740.37	072.96
0786.63	001864	-0728.67	-0739.47	072.96
0785.70	001750	-0727.74	-0738.54	072.96
0784.79	001614	-0726.83	-0737.63	072.96
0783.91	001545	-0725.96	-0736.76	072.96
0783.05	001586	-0725.10	-0735.90	072.96
0782.17	001705	-0724.21	-0735.01	072.96
0781.28	001641	-0723.33	-0734.13	072.96
0780.43	001709	-0722.47	-0733.27	072.96
0779.57	001491	-0721.61	-0732.41	072.96
0778.68	001800	-0720.72	-0731.52	072.96
0777.75	001523	-0719.79	-0730.59	072.96
0776.86	001809	-0718.90	-0729.70	072.96
0776.05	001582	-0718.09	-0728.89	072.96
0775.20	001750	-0717.24	-0728.04	072.96
0774.33	001586	-0716.37	-0727.17	072.96
0773.46	001709	-0715.50	-0726.30	072.96
0772.60	001541	-0714.65	-0725.45	072.96
0771.74	001655	-0713.78	-0724.58	072.96
0770.82	001618	-0712.87	-0723.67	072.96
0769.90	001609	-0711.95	-0722.75	072.96
0769.00	001505	-0711.04	-0721.84	072.96
0768.12	001673	-0710.16	-0720.96	072.96
0767.25	001473	-0709.29	-0720.09	072.96
0766.36	001714	-0708.41	-0719.21	072.96
0765.49	001591	-0707.54	-0718.34	072.96
0764.63	001450	-0706.68	-0717.48	072.96
0763.76	001595	-0705.80	-0716.60	072.96
0762.84	001655	-0704.88	-0715.68	072.96
0761.92	001477	-0703.96	-0714.76	072.96
0761.04	001595	-0703.08	-0713.88	072.96
0760.17	001586	-0702.22	-0713.02	072.96
0759.30	001659	-0701.35	-0712.15	072.96
0758.43	001541	-0700.48	-0711.28	072.96
0757.57	001645	-0699.62	-0710.42	072.96
0756.71	001473	-0698.75	-0709.55	072.96
0755.85	001541	-0697.89	-0708.69	072.96
0754.92	001691	-0696.97	-0707.77	072.96
0754.00	001595	-0696.04	-0706.84	072.96
0753.11	001641	-0695.16	-0705.96	072.96
0752.25	001545	-0694.29	-0705.09	072.96
0751.38	001600	-0693.42	-0704.22	072.96
0750.49	001609	-0692.53	-0703.33	072.96
0749.62	001673	-0691.67	-0702.47	072.96
0748.77	001650	-0690.82	-0701.62	072.96
0747.90	001600	-0689.94	-0700.74	072.96
0746.98	001664	-0689.03	-0699.83	072.96
0746.07	001491	-0688.12	-0698.92	072.96
0745.19	001455	-0687.24	-0698.04	072.96
0744.34	001691	-0686.39	-0697.19	072.96
0743.49	001655	-0685.53	-0696.33	072.96
0742.61	001536	-0684.65	-0695.45	072.96
0741.75	001650	-0683.80	-0694.60	072.96
0740.90	001636	-0682.95	-0693.75	072.96
0740.02	001532	-0682.07	-0692.87	072.96
0739.09	001595	-0681.14	-0691.94	072.96
0738.15	001559	-0680.20	-0691.00	072.96
0737.26	001623	-0679.30	-0690.10	072.96
0736.41	001705	-0678.45	-0689.25	072.96
0735.54	001591	-0677.58	-0688.38	072.96
0734.65	001564	-0676.70	-0687.50	072.96
0733.78	001595	-0675.82	-0686.62	072.96
0732.91	001577	-0674.96	-0685.76	072.96
0732.03	001773	-0674.07	-0684.87	072.96
0731.10	001609	-0673.15	-0683.95	072.96
0730.19	001591	-0672.24	-0683.04	072.96
0729.31	001527	-0671.36	-0682.16	072.96
0728.46	001632	-0670.51	-0681.31	072.96
0727.59	001523	-0669.64	-0680.44	072.96
0726.72	001573	-0668.77	-0679.57	072.96
0725.85	001518	-0667.89	-0678.69	072.96
0725.00	001691	-0667.04	-0677.84	072.96
0724.11	001500	-0666.15	-0676.95	072.96
0723.19	001555	-0665.23	-0676.03	072.96
0722.28	001632	-0664.33	-0675.13	072.96
0721.40	001591	-0663.45	-0674.25	072.96
0720.53	001655	-0662.58	-0673.38	072.96
0719.65	001518	-0661.69	-0672.49	072.96
0718.77	001573	-0660.81	-0671.61	072.96
0717.90	001632	-0659.95	-0670.75	072.96
0717.05	001605	-0659.09	-0669.89	072.96
0716.16	001527	-0658.20	-0669.00	072.96
0715.24	001641	-0657.28	-0668.08	072.96
0714.35	001555	-0656.39	-0667.19	072.96
0713.48	001705	-0655.52	-0666.32	072.96
0712.62	001482	-0654.67	-0665.47	072.96
0711.75	001555	-0653.79	-0664.59	072.96
0710.87	001550	-0652.91	-0663.71	072.96
0710.03	001468	-0652.07	-0662.87	072.96
0709.17	001391	-0651.22	-0662.02	072.96
0708.26	001527	-0650.31	-0661.11	072.96
0707.33	001559	-0649.37	-0660.17	072.96
0706.43	001582	-0648.47	-0659.27	072.96
0705.55	001505	-0647.59	-0658.39	072.96
0704.68	001473	-0646.72	-0657.52	072.96
0703.79	001527	-0645.83	-0656.63	072.96
0702.91	001595	-0644.96	-0655.76	072.96
0702.05	001591	-0644.10	-0654.90	072.96
0701.20	001373	-0643.25	-0654.05	072.96
0700.29	001623	-0642.33	-0653.13	072.96
0699.36	001386	-0641.41	-0652.21	072.96
0698.46	001559	-0640.51	-0651.31	072.96
0697.61	001600	-0639.65	-0650.45	072.96
0696.75	001550	-0638.79	-0649.59	072.96
0695.88	001650	-0637.92	-0648.72	072.96
0695.00	001564	-0637.05	-0647.85	072.96
0694.15	001750	-0636.19	-0646.99	072.96
0693.29	001614	-0635.33	-0646.13	072.96
0692.38	001509	-0634.43	-0645.23	072.96
0691.46	001495	-0633.50	-0644.30	072.96
0690.56	001395	-0632.60	-0643.40	072.96
0689.69	001436	-0631.74	-0642.54	072.96
0688.83	001473	-0630.88	-0641.68	072.96
0687.95	001468	-0629.99	-0640.79	072.96
0687.07	001632	-0629.12	-0639.92	072.96
0686.22	001609	-0628.27	-0639.07	072.96
0685.36	001373	-0627.40	-0638.20	072.96
0684.45	001409	-0626.50	-0637.30	072.96
0683.53	001623	-0625.58	-0636.38	072.96
0682.64	001382	-0624.69	-0635.49	072.96
0681.79	001382	-0623.84	-0634.64	072.96
0680.93	001541	-0622.97	-0633.77	072.96
0680.07	001527	-0622.11	-0632.91	072.96
0679.21	001441	-0621.25	-0632.05	072.96
0678.36	001491	-0620.41	-0631.21	072.96
0677.49	001473	-0619.53	-0630.33	072.96
0676.54	001536	-0618.59	-0629.39	072.96
0675.62	001614	-0617.66	-0628.46	072.96
0674.71	001573	-0616.75	-0627.55	072.96
0673.84	001373	-0615.88	-0626.68	072.96
0672.97	001441	-0615.02	-0625.82	072.96
0672.09	001568	-0614.13	-0624.93	072.96
0671.22	001600	-0613.27	-0624.07	072.96
0670.36	001355	-0612.40	-0623.20	072.96
0669.46	001491	-0611.51	-0622.31	072.96
0668.54	001514	-0610.58	-0621.38	072.96
0667.63	001414	-0609.67	-0620.47	072.96
0666.75	001350	-0608.79	-0619.59	072.96
0665.91	001564	-0607.95	-0618.75	072.96
0665.03	001459	-0607.07	-0617.87	072.96
0664.15	001477	-0606.19	-0616.99	072.96
0663.29	001473	-0605.33	-0616.13	072.96
0662.44	001423	-0604.48	-0615.28	072.96
0661.54	001514	-0603.58	-0614.38	072.96
0660.61	001468	-0602.66	-0613.46	072.96
0659.71	001523	-0601.75	-0612.55	072.96
0658.83	001527	-0600.87	-0611.67	072.96
0657.97	001482	-0600.01	-0610.81	072.96
0657.08	001377	-0599.13	-0609.93	072.96
0656.20	001450	-0598.24	-0609.04	072.96
0655.34	001427	-0597.38	-0608.18	072.96
0654.48	001441	-0596.53	-0607.33	072.96
0653.60	001414	-0595.64	-0606.44	072.96
0652.67	001514	-0594.72	-0605.52	072.96
0651.77	001336	-0593.81	-0604.61	072.96
0650.90	001309	-0592.94	-0603.74	072.96
0650.05	001455	-0592.10	-0602.90	072.96
0649.18	001468	-0591.22	-0602.02	072.96
0648.30	001332	-0590.34	-0601.14	072.96
0647.44	001486	-0589.49	-0600.29	072.96
0646.59	001427	-0588.63	-0599.43	072.96
0645.69	001250	-0587.74	-0598.54	072.96
0644.77	-000003	-0586.81	-0597.61	072.96
0643.85	001405	-0585.90	-0596.70	072.96
0642.96	001500	-0585.00	-0595.80	072.96
0642.11	001550	-0584.15	-0594.95	072.96
0641.24	001432	-0583.28	-0594.08	072.96
0640.35	001432	-0582.40	-0593.20	072.96
0639.47	001350	-0581.52	-0592.32	072.96
0638.61	001445	-0580.66	-0591.46	072.96
0637.71	001318	-0579.76	-0590.56	072.96
0636.80	001464	-0578.85	-0589.65	072.96
0635.91	001332	-0577.95	-0588.75	072.96
0635.04	001432	-0577.08	-0587.88	072.96
0634.18	001282	-0576.22	-0587.02	072.96
0633.30	001395	-0575.35	-0586.15	072.96
0632.43	001382	-0574.47	-0585.27	072.96
0631.57	001395	-0573.61	-0584.41	072.96
0630.70	001400	-0572.75	-0583.55	072.96
0629.80	001355	-0571.84	-0582.64	072.96
0628.88	001477	-0570.92	-0581.72	072.96
0627.99	001400	-0570.04	-0580.84	072.96
0627.11	001414	-0569.16	-0579.96	072.96
0626.25	001432	-0568.29	-0579.09	072.96
0625.36	001500	-0567.41	-0578.21	072.96
0624.49	001341	-0566.54	-0577.34	072.96
0623.64	001268	-0565.68	-0576.48	072.96
0622.78	001532	-0564.82	-0575.62	072.96
0621.86	001405	-0563.91	-0574.71	072.96
0620.95	001373	-0563.00	-0573.80	072.96
0620.07	001286	-0562.12	-0572.92	072.96
0619.22	001427	-0561.27	-0572.07	072.96
0618.36	001509	-0560.41	-0571.21	072.96
0617.48	001386	-0559.53	-0570.33	072.96
0616.61	001450	-0558.65	-0569.45	072.96
0615.76	001300	-0557.81	-0568.61	072.96
0614.91	001373	-0556.95	-0567.75	072.96
0613.97	001395	-0556.02	-0566.82	072.96
0613.04	001450	-0555.08	-0565.88	072.96
0612.13	001241	-0554.18	-0564.98	072.96
0611.26	001427	-0553.31	-0564.11	072.96
0610.41	001436	-0552.46	-0563.26	072.96
0609.52	001432	-0551.56	-0562.36	072.96
0608.64	001359	-0550.68	-0561.48	072.96
0607.77	001518	-0549.81	-0560.61	072.96
0606.90	001491	-0548.95	-0559.75	072.96
0605.99	001400	-0548.04	-0558.84	072.96
0605.07	001477	-0547.12	-0557.92	072.96
0604.18	001482	-0546.23	-0557.03	072.96
0603.33	001418	-0545.38	-0556.18	072.96
0602.46	001409	-0544.51	-0555.31	072.96
0601.59	001427	-0543.63	-0554.43	072.96
0600.72	001414	-0542.76	-0553.56	072.96
0599.86	001405	-0541.91	-0552.71	072.96
0598.99	001286	-0541.03	-0551.83	072.96
0598.07	001405	-0540.12	-0550.92	072.96
0597.16	001445	-0539.21	-0550.01	072.96
0596.27	001505	-0538.31	-0549.11	072.96
0595.40	001355	-0537.44	-0548.24	072.96
0594.52	001214	-0536.57	-0547.37	072.96
0593.65	001418	-0535.70	-0546.50	072.96
0592.78	001327	-0534.82	-0545.62	072.96
0591.92	001250	-0533.96	-0544.76	072.96
0591.04	001323	-0533.09	-0543.89	072.96
0590.14	001450	-0532.18	-0542.98	072.96
0589.22	001436	-0531.27	-0542.07	072.96
0588.35	001395	-0530.39	-0541.19	072.96
0587.50	001341	-0529.54	-0540.34	072.96
0586.63	001359	-0528.67	-0539.47	072.96
0585.76	001555	-0527.80	-0538.60	072.96
0584.91	001327	-0526.95	-0537.75	072.96
0584.06	001314	-0526.11	-0536.91	072.96
0583.16	001327	-0525.21	-0536.01	072.96
0582.23	001359	-0524.27	-0535.07	072.96
0581.32	001264	-0523.36	-0534.16	072.96
0580.43	001314	-0522.47	-0533.27	072.96
0579.56	001300	-0521.60	-0532.40	072.96
0578.70	001450	-0520.74	-0531.54	072.96
0577.86	001532	-0519.91	-0530.71	072.96
0577.00	001536	-0519.05	-0529.85	072.96
0576.14	001450	-0518.18	-0528.98	072.96
0575.25	001218	-0517.29	-0528.09	072.96
0574.32	001441	-0516.36	-0527.16	072.96
0573.42	001423	-0515.46	-0526.26	072.96
0572.56	001268	-0514.60	-0525.40	072.96
0571.70	001386	-0513.75	-0524.55	072.96
0570.83	001327	-0512.87	-0523.67	072.96
0569.95	001455	-0511.99	-0522.79	072.96
0569.09	001468	-0511.14	-0521.94	072.96
0568.24	001255	-0510.29	-0521.09	072.96
0567.35	001395	-0509.40	-0520.20	072.96
0566.42	001377	-0508.47	-0519.27	072.96
0565.52	001555	-0507.57	-0518.37	072.96
0564.65	001341	-0506.69	-0517.49	072.96
0563.80	001250	-0505.84	-0516.64	072.96
0562.92	001268	-0504.96	-0515.76	072.96
0562.04	001250	-0504.08	-0514.88	072.96
0561.17	001364	-0503.21	-0514.01	072.96
0560.33	001327	-0502.37	-0513.17	072.96
0559.42	001491	-0501.47	-0512.27	072.96
0558.50	001409	-0500.54	-0511.34	072.96
0557.61	001486	-0499.65	-0510.45	072.96
0556.74	001305	-0498.79	-0509.59	072.96
0555.89	001364	-0497.94	-0508.74	072.96
0555.03	001500	-0497.08	-0507.88	072.96
0554.15	001450	-0496.20	-0507.00	072.96
0553.30	001382	-0495.35	-0506.15	072.96
0552.44	001336	-0494.49	-0505.29	072.96
0551.52	001486	-0493.56	-0504.36	072.96
0550.57	001323	-0492.61	-0503.41	072.96
0549.64	001459	-0491.68	-0502.48	072.96
0548.75	001386	-0490.80	-0501.60	072.96
0547.90	001450	-0489.94	-0500.74	072.96
0547.02	001391	-0489.07	-0499.87	072.96
0546.15	001391	-0488.20	-0499.00	072.96
0545.29	001241	-0487.33	-0498.13	072.96
0544.41	001218	-0486.46	-0497.26	072.96
0543.49	001332	-0485.53	-0496.33	072.96
0542.56	001468	-0484.61	-0495.41	072.96
0541.67	001373	-0483.71	-0494.51	072.96
0540.82	001432	-0482.86	-0493.66	072.96
0539.95	001432	-0482.00	-0492.80	072.96
0539.07	001359	-0481.12	-0491.92	072.96
0538.20	001450	-0480.24	-0491.04	072.96
0537.34	001364	-0479.39	-0490.19	072.96
0536.47	001359	-0478.52	-0489.32	072.96
0535.55	001150	-0477.59	-0488.39	072.96
0534.63	001314	-0476.67	-0487.47	072.96
0533.73	001232	-0475.77	-0486.57	072.96
0532.88	001518	-0474.92	-0485.72	072.96
0532.00	001450	-0474.04	-0484.84	072.96
0531.11	001382	-0473.15	-0483.95	072.96
0530.23	001473	-0472.28	-0483.08	072.96
0529.37	001414	-0471.42	-0482.22	072.96
0528.51	001282	-0470.56	-0481.36	072.96
0527.59	001473	-0469.63	-0480.43	072.96
0526.67	001327	-0468.71	-0479.51	072.96
0525.79	001364	-0467.84	-0478.64	072.96
0524.94	001514	-0466.98	-0477.78	072.96
0524.08	001255	-0466.12	-0476.92	072.96
0523.20	001291	-0465.24	-0476.04	072.96
0522.33	001459	-0464.38	-0475.18	072.96
0521.48	001391	-0463.53	-0474.33	072.96
0520.61	001482	-0462.65	-0473.45	072.96
0519.68	001332	-0461.72	-0472.52	072.96
0518.75	001359	-0460.79	-0471.59	072.96
0517.85	001418	-0459.90	-0470.70	072.96
0516.99	001332	-0459.03	-0469.83	072.96
0516.11	001391	-0458.15	-0468.95	072.96
0515.23	001364	-0457.27	-0468.07	072.96
0514.36	001359	-0456.40	-0467.20	072.96
0513.51	001373	-0455.55	-0466.35	072.96
0512.62	001309	-0454.66	-0465.46	072.96
0511.69	001427	-0453.73	-0464.53	072.96
0510.78	001327	-0452.83	-0463.63	072.96
0509.91	001336	-0451.95	-0462.75	072.96
0509.04	001400	-0451.08	-0461.88	072.96
0508.17	001377	-0450.22	-0461.02	072.96
0507.30	001341	-0449.34	-0460.14	072.96
0506.44	001391	-0448.48	-0459.28	072.96
0505.58	001309	-0447.63	-0458.43	072.96
0504.68	001355	-0446.73	-0457.53	072.96
0503.77	001268	-0445.81	-0456.61	072.96
0502.86	001318	-0444.91	-0455.71	072.96
0501.98	001400	-0444.02	-0454.82	072.96
0501.12	001332	-0443.17	-0453.97	072.96
0500.24	001386	-0442.29	-0453.09	072.96
0499.36	001327	-0441.41	-0452.21	072.96
0498.50	001282	-0440.54	-0451.34	072.96
0497.65	001377	-0439.70	-0450.50	072.96
0496.75	001405	-0438.79	-0449.59	072.96
0495.83	001323	-0437.87	-0448.67	072.96
0494.93	001191	-0436.97	-0447.77	072.96
0494.06	001286	-0436.11	-0446.91	072.96
0493.22	001282	-0435.27	-0446.07	072.96
0492.34	001409	-0434.39	-0445.19	072.96
0491.47	001400	-0433.51	-0444.31	072.96
0490.61	001350	-0432.66	-0443.46	072.96
0489.76	001191	-0431.81	-0442.61	072.96
0488.86	001305	-0430.90	-0441.70	072.96
0487.92	001182	-0429.96	-0440.76	072.96
0487.00	001273	-0429.04	-0439.84	072.96
0486.12	001268	-0428.16	-0438.96	072.96
0485.26	001282	-0427.31	-0438.11	072.96
0484.38	001309	-0426.42	-0437.22	072.96
0483.49	001268	-0425.54	-0436.34	072.96
0482.63	001368	-0424.67	-0435.47	072.96
0481.76	001414	-0423.80	-0434.60	072.96
0480.86	001468	-0422.90	-0433.70	072.96
0479.94	001314	-0421.98	-0432.78	072.96
0479.03	001336	-0421.08	-0431.88	072.96
0478.16	001355	-0420.21	-0431.01	072.96
0477.31	001441	-0419.35	-0430.15	072.96
0476.43	001232	-0418.48	-0429.28	072.96
0475.57	001395	-0417.61	-0428.41	072.96
0474.70	001245	-0416.74	-0427.54	072.96
0473.83	001350	-0415.88	-0426.68	072.96
0472.91	001368	-0414.96	-0425.76	072.96
0472.00	001345	-0414.04	-0424.84	072.96
0471.11	001241	-0413.15	-0423.95	072.96
0470.24	001255	-0412.28	-0423.08	072.96
0469.36	001341	-0411.41	-0422.21	072.96
0468.48	001250	-0410.53	-0421.33	072.96
0467.61	001282	-0409.66	-0420.46	072.96
0466.75	001295	-0408.79	-0419.59	072.96
0465.89	001405	-0407.93	-0418.73	072.96
0464.96	001373	-0407.00	-0417.80	072.96
0464.05	001368	-0406.09	-0416.89	072.96
0463.17	001336	-0405.21	-0416.01	072.96
0462.32	001345	-0404.37	-0415.17	072.96
0461.45	001377	-0403.50	-0414.30	072.96
0460.58	001286	-0402.62	-0413.42	072.96
0459.71	001373	-0401.76	-0412.56	072.96
0458.87	001332	-0400.92	-0411.72	072.96
0458.00	001282	-0400.04	-0410.84	072.96
0457.06	001432	-0399.10	-0409.90	072.96
0456.14	001241	-0398.18	-0408.98	072.96
0455.24	001286	-0397.29	-0408.09	072.96
0454.37	001414	-0396.42	-0407.22	072.96
0453.51	001491	-0395.55	-0406.35	072.96
0452.62	001332	-0394.67	-0405.47	072.96
0451.74	001441	-0393.79	-0404.59	072.96
0450.88	001295	-0392.93	-0403.73	072.96
0450.01	001400	-0392.05	-0402.85	072.96
0449.09	001305	-0391.13	-0401.93	072.96
0448.18	001359	-0390.22	-0401.02	072.96
0447.29	001323	-0389.34	-0400.14	072.96
0446.45	001336	-0388.49	-0399.29	072.96
0445.58	001332	-0387.63	-0398.43	072.96
0444.70	001227	-0386.74	-0397.54	072.96
0443.84	001423	-0385.88	-0396.68	072.96
0442.98	001136	-0385.02	-0395.82	072.96
0442.11	001359	-0384.15	-0394.95	072.96
0441.18	001291	-0383.22	-0394.02	072.96
0440.28	001232	-0382.32	-0393.12	072.96
0439.39	001255	-0381.43	-0392.23	072.96
0438.52	001264	-0380.57	-0391.37	072.96
0437.64	001232	-0379.68	-0390.48	072.96
0436.77	001295	-0378.82	-0389.62	072.96
0435.91	001405	-0377.96	-0388.76	072.96
0435.05	001414	-0377.09	-0387.89	072.96
0434.16	001400	-0376.20	-0387.00	072.96
0433.25	001309	-0375.29	-0386.09	072.96
0432.35	001441	-0374.40	-0385.20	072.96
0431.49	001273	-0373.54	-0384.34	072.96
0430.63	001305	-0372.67	-0383.47	072.96
0429.76	001191	-0371.81	-0382.61	072.96
0428.89	001300	-0370.93	-0381.73	072.96
0428.04	001245	-0370.08	-0380.88	072.96
0427.19	001291	-0369.23	-0380.03	072.96
0426.27	001409	-0368.31	-0379.11	072.96
0425.32	001223	-0367.37	-0378.17	072.96
0424.39	001423	-0366.44	-0377.24	072.96
0423.51	001441	-0365.56	-0376.36	072.96
0422.66	001323	-0364.71	-0375.51	072.96
0421.78	001468	-0363.82	-0374.62	072.96
0420.90	001345	-0362.94	-0373.74	072.96
0420.02	001318	-0362.07	-0372.87	072.96
0419.17	001268	-0361.21	-0372.01	072.96
0418.26	001305	-0360.31	-0371.11	072.96
0417.33	001186	-0359.37	-0370.17	072.96
0416.43	001350	-0358.47	-0369.27	072.96
0415.56	001155	-0357.61	-0368.41	072.96
0414.71	001223	-0356.76	-0367.56	072.96
0413.82	001309	-0355.87	-0366.67	072.96
0412.95	001259	-0354.99	-0365.79	072.96
0412.10	001273	-0354.14	-0364.94	072.96
0411.23	001355	-0353.27	-0364.07	072.96
0410.32	001336	-0352.37	-0363.17	072.96
0409.40	001323	-0351.45	-0362.25	072.96
0408.50	001450	-0350.55	-0361.35	072.96
0407.63	001332	-0349.67	-0360.47	072.96
0406.76	001400	-0348.80	-0359.60	072.96
0405.88	001345	-0347.93	-0358.73	072.96
0405.00	001341	-0347.04	-0357.84	072.96
0404.14	001286	-0346.19	-0356.99	072.96
0403.28	001286	-0345.32	-0356.12	072.96
0402.35	001350	-0344.40	-0355.20	072.96
0401.45	001218	-0343.50	-0354.30	072.96
0400.57	001309	-0342.62	-0353.42	072.96
0399.70	001282	-0341.75	-0352.55	072.96
0398.84	001345	-0340.88	-0351.68	072.96
0397.96	001327	-0340.00	-0350.80	072.96
0397.10	001364	-0339.15	-0349.95	072.96
0396.25	001264	-0338.29	-0349.09	072.96
0395.38	001418	-0337.43	-0348.23	072.96
0394.45	001355	-0336.49	-0347.29	072.96
0393.53	001350	-0335.57	-0346.37	072.96
0392.63	001409	-0334.67	-0345.47	072.96
0391.76	001223	-0333.80	-0344.60	072.96
0390.88	001264	-0332.93	-0343.73	072.96
0390.00	001259	-0332.05	-0342.85	072.96
0389.13	001414	-0331.18	-0341.98	072.96
0388.27	001350	-0330.31	-0341.11	072.96
0387.39	001236	-0329.44	-0340.24	072.96
0386.47	001305	-0328.51	-0339.31	072.96
0385.55	001368	-0327.59	-0338.39	072.96
0384.67	001359	-0326.71	-0337.51	072.96
0383.82	001159	-0325.87	-0336.67	072.96
0382.96	001318	-0325.00	-0335.80	072.96
0382.07	001255	-0324.12	-0334.92	072.96
0381.21	001323	-0323.25	-0334.05	072.96
0380.41	001391	-0322.45	-0333.25	072.96
0379.55	001259	-0321.59	-0332.39	072.96
0378.62	001359	-0320.66	-0331.46	072.96
0377.71	001241	-0319.75	-0330.55	072.96
0376.81	001250	-0318.85	-0329.65	072.96
0375.96	001400	-0318.00	-0328.80	072.96
0375.09	001250	-0317.13	-0327.93	072.96
0374.21	001364	-0316.25	-0327.05	072.96
0373.34	001300	-0315.38	-0326.18	072.96
0372.48	001295	-0314.52	-0325.32	072.96
0371.61	001332	-0313.65	-0324.45	072.96
0370.69	001368	-0312.74	-0323.54	072.96
0369.79	001200	-0311.84	-0322.64	072.96
0368.92	001209	-0310.96	-0321.76	072.96
0368.06	001400	-0310.10	-0320.90	072.96
0367.19	001318	-0309.24	-0320.04	072.96
0366.33	001245	-0308.38	-0319.18	072.96
0365.47	001255	-0307.51	-0318.31	072.96
0364.62	001368	-0306.67	-0317.47	072.96
0363.71	001291	-0305.75	-0316.55	072.96
0362.77	001391	-0304.81	-0315.61	072.96
0361.86	001241	-0303.90	-0314.70	072.96
0360.97	001345	-0303.02	-0313.82	072.96
0360.11	001236	-0302.16	-0312.96	072.96
0359.23	001245	-0301.28	-0312.08	072.96
0358.35	001241	-0300.39	-0311.19	072.96
0357.49	001241	-0299.54	-0310.34	072.96
0356.62	001245	-0298.67	-0309.47	072.96
0355.71	001368	-0297.76	-0308.56	072.96
0354.79	001136	-0296.83	-0307.63	072.96
0353.89	001259	-0295.94	-0306.74	072.96
0353.02	001259	-0295.07	-0305.87	072.96
0352.17	001368	-0294.21	-0305.01	072.96
0351.29	001464	-0293.34	-0304.14	072.96
0350.41	001345	-0292.45	-0303.25	072.96
0349.56	001236	-0291.60	-0302.40	072.96
0348.71	001373	-0290.75	-0301.55	072.96
0347.80	001255	-0289.84	-0300.64	072.96
0346.87	001259	-0288.91	-0299.71	072.96
0345.97	001255	-0288.01	-0298.81	072.96
0345.09	001200	-0287.13	-0297.93	072.96
0344.23	001300	-0286.27	-0297.07	072.96
0343.35	001382	-0285.40	-0296.20	072.96
0342.47	001382	-0284.52	-0295.32	072.96
0341.60	001273	-0283.64	-0294.44	072.96
0340.74	001268	-0282.78	-0293.58	072.96
0339.84	001341	-0281.88	-0292.68	072.96
0338.92	001250	-0280.97	-0291.77	072.96
0338.04	001182	-0280.08	-0290.88	072.96
0337.17	001409	-0279.22	-0290.02	072.96
0336.31	001327	-0278.36	-0289.16	072.96
0335.45	001350	-0277.49	-0288.29	072.96
0334.58	001332	-0276.62	-0287.42	072.96
0333.72	001173	-0275.77	-0286.57	072.96
0332.86	001277	-0274.91	-0285.71	072.96
0331.95	001291	-0273.99	-0284.79	072.96
0331.02	001195	-0273.07	-0283.87	072.96
0330.12	001100	-0272.16	-0282.96	072.96
0329.24	001323	-0271.29	-0282.09	072.96
0328.37	001341	-0270.41	-0281.21	072.96
0327.49	001205	-0269.54	-0280.34	072.96
0326.62	001273	-0268.67	-0279.47	072.96
0325.76	001182	-0267.80	-0278.60	072.96
0324.89	001350	-0266.94	-0277.74	072.96
0323.97	001355	-0266.02	-0276.82	072.96
0323.06	001286	-0265.10	-0275.90	072.96
0322.17	001336	-0264.22	-0275.02	072.96
0321.32	001405	-0263.36	-0274.16	072.96
0320.45	001314	-0262.50	-0273.30	072.96
0319.57	001291	-0261.61	-0272.41	072.96
0318.69	001409	-0260.74	-0271.54	072.96
0317.85	001259	-0259.90	-0270.70	072.96
0316.98	001332	-0259.03	-0269.83	072.96
0316.06	001245	-0258.10	-0268.90	072.96
0315.15	001332	-0257.19	-0267.99	072.96
0314.27	001373	-0256.31	-0267.11	072.96
0313.41	001327	-0255.45	-0266.25	072.96
0312.53	001305	-0254.58	-0265.38	072.96
0311.65	001382	-0253.69	-0264.49	072.96
0310.78	001423	-0252.83	-0263.63	072.96
0309.92	001318	-0251.96	-0262.76	072.96
0309.06	001450	-0251.10	-0261.90	072.96
0308.13	001309	-0250.17	-0260.97	072.96
0307.23	001418	-0249.27	-0260.07	072.96
0306.35	001323	-0248.40	-0259.20	072.96
0305.51	001291	-0247.55	-0258.35	072.96
0304.65	001450	-0246.70	-0257.50	072.96
0303.77	001332	-0245.82	-0256.62	072.96
0302.90	001455	-0244.94	-0255.74	072.96
0302.06	001218	-0244.11	-0254.91	072.96
0301.17	001173	-0243.21	-0254.01	072.96
0300.21	001323	-0242.26	-0253.06	072.96
0299.28	001327	-0241.32	-0252.12	072.96
0298.38	001277	-0240.42	-0251.22	072.96
0297.52	001355	-0239.57	-0250.37	072.96
0296.65	001223	-0238.69	-0249.49	072.96
0295.77	001391	-0237.82	-0248.62	072.96
0294.90	001423	-0236.95	-0247.75	072.96
0294.04	001450	-0236.09	-0246.89	072.96
0293.13	001114	-0235.17	-0245.97	072.96
0292.21	001182	-0234.25	-0245.05	072.96
0291.31	001359	-0233.35	-0244.15	072.96
0290.43	001309	-0232.48	-0243.28	072.96
0289.58	001305	-0231.63	-0242.43	072.96
0288.71	001232	-0230.75	-0241.55	072.96
0287.82	001273	-0229.87	-0240.67	072.96
0286.96	001268	-0229.01	-0239.81	072.96
0286.11	001295	-0228.15	-0238.95	072.96
0285.20	001282	-0227.24	-0238.04	072.96
0284.28	001418	-0226.32	-0237.12	072.96
0283.37	001277	-0225.42	-0236.22	072.96
0282.50	001314	-0224.55	-0235.35	072.96
0281.65	001314	-0223.69	-0234.49	072.96
0280.75	001305	-0222.80	-0233.60	072.96
0279.88	001473	-0221.92	-0232.72	072.96
0279.03	001391	-0221.07	-0231.87	072.96
0278.16	001373	-0220.21	-0231.01	072.96
0277.27	001368	-0219.31	-0230.11	072.96
0276.34	001473	-0218.39	-0229.19	072.96
0275.44	001350	-0217.49	-0228.29	072.96
0274.57	001436	-0216.62	-0227.42	072.96
0273.72	001277	-0215.77	-0226.57	072.96
0272.85	001409	-0214.90	-0225.70	072.96
0271.97	001295	-0214.02	-0224.82	072.96
0271.12	001273	-0213.16	-0223.96	072.96
0270.26	001314	-0212.30	-0223.10	072.96
0269.35	001355	-0211.40	-0222.20	072.96
0268.42	001291	-0210.47	-0221.27	072.96
0267.51	001382	-0209.55	-0220.35	072.96
0266.63	001255	-0208.67	-0219.47	072.96
0265.77	001291	-0207.81	-0218.61	072.96
0264.89	001282	-0206.93	-0217.73	072.96
0264.02	001332	-0206.06	-0216.86	072.96
0263.15	001445	-0205.19	-0215.99	072.96
0262.28	001327	-0204.33	-0215.13	072.96
0261.37	001514	-0203.41	-0214.21	072.96
0260.45	001414	-0202.49	-0213.29	072.96
0259.54	001282	-0201.59	-0212.39	072.96
0258.69	001382	-0200.73	-0211.53	072.96
0257.84	001395	-0199.88	-0210.68	072.96
0256.96	001205	-0199.01	-0209.81	072.96
0256.10	001436	-0198.15	-0208.95	072.96
0255.24	001336	-0197.29	-0208.09	072.96
0254.37	001491	-0196.41	-0207.21	072.96
0253.45	001395	-0195.49	-0206.29	072.96
0252.53	001382	-0194.57	-0205.37	072.96
0251.65	001305	-0193.69	-0204.49	072.96
0250.78	001336	-0192.83	-0203.63	072.96
0249.92	001218	-0191.96	-0202.76	072.96
0249.03	001309	-0191.07	-0201.87	072.96
0248.16	001386	-0190.21	-0201.01	072.96
0247.30	001318	-0189.34	-0200.14	072.96
0246.43	001336	-0188.47	-0199.27	072.96
0245.50	001391	-0187.55	-0198.35	072.96
0244.60	001282	-0186.64	-0197.44	072.96
0243.73	001509	-0185.78	-0196.58	072.96
0242.88	001595	-0184.93	-0195.73	072.96
0242.02	001282	-0184.06	-0194.86	072.96
0241.14	001432	-0183.19	-0193.99	072.96
0240.28	001291	-0182.32	-0193.12	072.96
0239.43	001486	-0181.48	-0192.28	072.96
0238.55	001373	-0180.60	-0191.40	072.96
0237.62	001395	-0179.66	-0190.46	072.96
0236.68	001336	-0178.73	-0189.53	072.96
0235.80	001464	-0177.84	-0188.64	072.96
0234.93	001305	-0176.97	-0187.77	072.96
0234.05	001536	-0176.09	-0186.89	072.96
0233.17	001477	-0175.21	-0186.01	072.96
0232.29	001582	-0174.34	-0185.14	072.96
0231.43	001455	-0173.48	-0184.28	072.96
0230.55	001327	-0172.59	-0183.39	072.96
0229.62	001536	-0171.67	-0182.47	072.96
0228.71	001418	-0170.75	-0181.55	072.96
0227.83	001232	-0169.88	-0180.68	072.96
0226.98	001536	-0169.02	-0179.82	072.96
0226.11	001382	-0168.15	-0178.95	072.96
0225.23	001427	-0167.27	-0178.07	072.96
0224.37	001427	-0166.41	-0177.21	072.96
0223.51	001305	-0165.56	-0176.36	072.96
0222.63	001423	-0164.67	-0175.47	072.96
0221.70	001505	-0163.74	-0174.54	072.96
0220.79	001382	-0162.83	-0173.63	072.96
0219.90	001586	-0161.94	-0172.74	072.96
0219.04	001495	-0161.08	-0171.88	072.96
0218.16	001445	-0160.21	-0171.01	072.96
0217.29	001395	-0159.34	-0170.14	072.96
0216.43	001591	-0158.47	-0169.27	072.96
0215.58	001395	-0157.62	-0168.42	072.96
0214.67	-000003	-0156.71	-0167.51	072.96
0213.74	001391	-0155.79	-0166.59	072.96
0212.85	001445	-0154.89	-0165.69	072.96
0211.99	001409	-0154.04	-0164.84	072.96
0211.14	001609	-0153.18	-0163.98	072.96
0210.26	001491	-0152.30	-0163.10	072.96
0209.39	001318	-0151.43	-0162.23	072.96
0208.54	001445	-0150.58	-0161.38	072.96
0207.68	001473	-0149.72	-0160.52	072.96
0206.77	001477	-0148.81	-0159.61	072.96
0205.83	001391	-0147.88	-0158.68	072.96
0204.93	001586	-0146.97	-0157.77	072.96
0204.05	001409	-0146.09	-0156.89	072.96
0203.19	001464	-0145.24	-0156.04	072.96
0202.31	001482	-0144.35	-0155.15	072.96
0201.43	001514	-0143.48	-0154.28	072.96
0200.57	001523	-0142.61	-0153.41	072.96
0199.71	001614	-0141.75	-0152.55	072.96
0198.80	001391	-0140.84	-0151.64	072.96
0197.87	001677	-0139.92	-0150.72	072.96
0196.97	001614	-0139.02	-0149.82	072.96
0196.12	001686	-0138.16	-0148.96	072.96
0195.26	001623	-0137.31	-0148.11	072.96
0194.39	001623	-0136.44	-0147.24	072.96
0193.52	001509	-0135.56	-0146.36	072.96
0192.66	001627	-0134.71	-0145.51	072.96
0191.79	001600	-0133.84	-0144.64	072.96
0190.89	001627	-0132.93	-0143.73	072.96
0189.97	001555	-0132.01	-0142.81	072.96
0189.07	001695	-0131.12	-0141.92	072.96
0188.20	001736	-0130.24	-0141.04	072.96
0187.34	001714	-0129.38	-0140.18	072.96
0186.46	001736	-0128.50	-0139.30	072.96
0185.59	001650	-0127.63	-0138.43	072.96
0184.73	001718	-0126.77	-0137.57	072.96
0183.86	001659	-0125.90	-0136.70	072.96
0182.96	001750	-0125.01	-0135.81	072.96
0182.11	001841	-0124.15	-0134.95	072.96
0181.23	001650	-0123.28	-0134.08	072.96
0180.37	001786	-0122.42	-0133.22	072.96
0179.52	001609	-0121.56	-0132.36	072.96
0178.64	001709	-0120.68	-0131.48	072.96
0177.77	001882	-0119.81	-0130.61	072.96
0176.93	001732	-0118.97	-0129.77	072.96
0176.04	001791	-0118.09	-0128.89	072.96
0175.09	001850	-0117.14	-0127.94	072.96
0174.16	001786	-0116.21	-0127.01	072.96
0173.27	001791	-0115.31	-0126.11	072.96
0172.40	001827	-0114.45	-0125.25	072.96
0171.53	002014	-0113.57	-0124.37	072.96
0170.64	001773	-0112.68	-0123.48	072.96
0169.77	002023	-0111.82	-0122.62	072.96
0168.92	002232	-0110.96	-0121.76	072.96
0168.04	002109	-0110.08	-0120.88	072.96
0167.11	002177	-0109.15	-0119.95	072.96
0166.18	002023	-0108.22	-0119.02	072.96
0165.30	002023	-0107.34	-0118.14	072.96
0164.45	002255	-0106.49	-0117.29	072.96
0163.58	002191	-0105.62	-0116.42	072.96
0162.70	002200	-0104.74	-0115.54	072.96
0161.83	002182	-0103.87	-0114.67	072.96
0160.98	002441	-0103.02	-0113.82	072.96
0160.09	002277	-0102.14	-0112.94	072.96
0159.17	002427	-0101.22	-0112.02	072.96
0158.26	002641	-0100.31	-0111.11	072.96
0157.37	002659	-0099.41	-0110.21	072.96
0156.50	002695	-0098.55	-0109.35	072.96
0155.63	002541	-0097.67	-0108.47	072.96
0154.74	002732	-0096.79	-0107.59	072.96
0153.88	002918	-0095.92	-0106.72	072.96
0153.02	002873	-0095.06	-0105.86	072.96
0152.13	003005	-0094.18	-0104.98	072.96
0151.21	002859	-0093.25	-0104.05	072.96
0150.31	002941	-0092.36	-0103.16	072.96
0149.44	003227	-0091.48	-0102.28	072.96
0148.58	003318	-0090.63	-0101.43	072.96
0147.71	003018	-0089.76	-0100.56	072.96
0146.84	003186	-0088.88	-0099.68	072.96
0145.98	003345	-0088.02	-0098.82	072.96
0145.12	003359	-0087.17	-0097.97	072.96
0144.23	003341	-0086.27	-0097.07	072.96
0143.29	003555	-0085.34	-0096.14	072.96
0142.38	003655	-0084.43	-0095.23	072.96
0141.51	003632	-0083.55	-0094.35	072.96
0140.64	003782	-0082.68	-0093.48	072.96
0139.75	003823	-0081.80	-0092.60	072.96
0138.87	004191	-0080.92	-0091.72	072.96
0138.01	004236	-0080.05	-0090.85	072.96
0137.15	004300	-0079.19	-0089.99	072.96
0136.25	004127	-0078.29	-0089.09	072.96
0135.32	004518	-0077.37	-0088.17	072.96
0134.42	004723	-0076.46	-0087.26	072.96
0133.56	004936	-0075.61	-0086.41	072.96
0132.71	005150	-0074.75	-0085.55	072.96
0131.83	004923	-0073.87	-0084.67	072.96
0130.95	005095	-0073.00	-0083.80	072.96
0130.10	005286	-0072.14	-0082.94	072.96
0129.24	005000	-0071.28	-0082.08	072.96
0128.34	005050	-0070.38	-0081.18	072.96
0127.41	005032	-0069.45	-0080.25	072.96
0126.51	005286	-0068.56	-0079.36	072.96
0125.64	005173	-0067.68	-0078.48	072.96
0124.79	005314	-0066.83	-0077.63	072.96
0123.91	004873	-0065.95	-0076.75	072.96
0123.04	005345	-0065.08	-0075.88	072.96
0122.16	005195	-0064.21	-0075.01	072.96
0121.31	005095	-0063.35	-0074.15	072.96
0120.40	004977	-0062.44	-0073.24	072.96
0119.49	004850	-0061.53	-0072.33	072.96
0118.60	004918	-0060.64	-0071.44	072.96
0117.73	005059	-0059.78	-0070.58	072.96
0116.88	004900	-0058.93	-0069.73	072.96
0116.02	004950	-0058.06	-0068.86	072.96
0115.15	004518	-0057.19	-0067.99	072.96
0114.30	004432	-0056.34	-0067.14	072.96
0113.43	004636	-0055.47	-0066.27	072.96
0112.49	004523	-0054.54	-0065.34	072.96
0111.57	004509	-0053.62	-0064.42	072.96
0110.67	004068	-0052.71	-0063.51	072.96
0109.80	004014	-0051.84	-0062.64	072.96
0108.93	003832	-0050.97	-0061.77	072.96
0108.05	003791	-0050.09	-0060.89	072.96
0107.17	003782	-0049.22	-0060.02	072.96
0106.31	003595	-0048.36	-0059.16	072.96
0105.43	003609	-0047.48	-0058.28	072.96
0104.50	003527	-0046.55	-0057.35	072.96
0103.60	003255	-0045.64	-0056.44	072.96
0102.72	003045	-0044.76	-0055.56	072.96
0101.86	002991	-0043.90	-0054.70	072.96
0101.00	003023	-0043.04	-0053.84	072.96
0100.12	003050	-0042.16	-0052.96	072.96
0099.25	002845	-0041.29	-0052.09	072.96
0098.40	002668	-0040.44	-0051.24	072.96
0097.52	002823	-0039.57	-0050.37	072.96
0096.59	002623	-0038.64	-0049.44	072.96
0095.68	002591	-0037.72	-0048.52	072.96
0094.79	002545	-0036.84	-0047.64	072.96
0093.93	002395	-0035.98	-0046.78	072.96
0093.05	002364	-0035.10	-0045.90	072.96
0092.17	002341	-0034.22	-0045.02	072.96
0091.30	002323	-0033.35	-0044.15	072.96
0090.45	002273	-0032.50	-0043.30	072.96
0089.57	002382	-0031.62	-0042.42	072.96
0088.65	002291	-0030.70	-0041.50	072.96
0087.75	002073	-0029.79	-0040.59	072.96
0086.86	002305	-0028.91	-0039.71	072.96
0086.01	002082	-0028.06	-0038.86	072.96
0085.16	002045	-0027.20	-0038.00	072.96
0084.28	002018	-0026.33	-0037.13	072.96
0083.41	001909	-0025.45	-0036.25	072.96
0082.55	001859	-0024.59	-0035.39	072.96
0081.65	001968	-0023.69	-0034.49	072.96
0080.72	001955	-0022.76	-0033.56	072.96
0079.80	001859	-0021.85	-0032.65	072.96
0078.92	001791	-0020.96	-0031.76	072.96
0078.06	001900	-0020.10	-0030.90	072.96
0077.18	001864	-0019.22	-0030.02	072.96
0076.29	001764	-0018.34	-0029.14	072.96
0075.44	001718	-0017.48	-0028.28	072.96
0074.57	001691	-0016.62	-0027.42	072.96
0073.66	001664	-0015.71	-0026.51	072.96
0072.74	001773	-0014.79	-0025.59	072.96
0071.85	001859	-0013.90	-0024.70	072.96
0070.98	001795	-0013.02	-0023.82	072.96
0070.13	001868	-0012.18	-0022.98	072.96
0069.25	001741	-0011.30	-0022.10	072.96
0068.37	001568	-0010.42	-0021.22	072.96
0067.51	001818	-0009.55	-0020.35	072.96
0066.66	001686	-0008.71	-0019.51	072.96
0065.76	001750	-0007.80	-0018.60	072.96
0064.84	001723	-0006.88	-0017.68	072.96
0063.94	001764	-0005.99	-0016.79	072.96
0063.07	001723	-0005.12	-0015.92	072.96
0062.21	001691	-0004.26	-0015.06	072.96
0061.33	001732	-0003.38	-0014.18	072.96
0060.45	001677	-0002.50	-0013.30	072.96
0059.59	001732	-0001.63	-0012.43	072.96
0058.73	001764	-0000.77	-0011.57	072.96
0057.83	001905	0000.12	-0010.68	072.96
0056.92	001891	0001.04	-0009.76	072.96
0056.02	001818	0001.94	-0008.86	072.96
0055.16	001782	0002.79	-0008.01	072.96
0054.30	001814	0003.65	-0007.15	072.96
0053.45	001755	0004.51	-0006.29	072.96
0052.58	001991	0005.38	-0005.42	072.96
0051.73	001827	0006.23	-0004.57	072.96
0050.86	001777	0007.10	-0003.70	072.96
0049.91	001973	0008.04	-0002.76	072.96
0048.96	001814	0009.00	-0001.80	072.96
0048.04	001814	0009.91	-0000.89	072.96
0047.17	002027	0010.78	-0000.02	072.96
0046.25	002345	0011.70	0000.90	072.96
0046.02	002086	0011.94	0001.14	072.96
0046.02	002118	0011.94	0001.14	072.96
0046.02	001995	0011.93	0001.13	072.96
0046.02	002377	0011.93	0001.13	072.96
0046.02	002114	0011.94	0001.14	072.96
0046.02	002086	0011.94	0001.14	072.96
0046.02	002105	0011.93	0001.13	072.96
0046.02	002200	0011.94	0001.14	072.96
0046.02	002455	0011.94	0001.14	072.96
0046.02	002150	0011.94	0001.14	072.96
0046.02	002282	0011.94	0001.14	072.96
0046.02	002218	0011.94	0001.14	072.96
0046.00	002277	0011.96	0001.16	072.96
0045.95	002441	0012.00	0001.20	072.96
0045.92	002318	0012.04	0001.24	072.96
0045.90	002336	0012.06	0001.26	072.96
0045.87	002341	0012.09	0001.29	072.96
0045.87	002414	0012.09	0001.29	072.96
0045.87	002405	0012.09	0001.29	072.96
0045.87	002432	0012.09	0001.29	072.96
0045.87	002436	0012.09	0001.29	072.96
0045.87	002436	0012.09	0001.29	072.96
0045.87	002618	0012.09	0001.29	072.96
0045.87	002436	0012.09	0001.29	072.96
0045.87	002477	0012.09	0001.29	072.96
0045.87	002482	0012.09	0001.29	072.96
0045.87	002300	0012.09	0001.29	072.96
0045.87	002555	0012.09	0001.29	072.96
0045.87	002568	0012.09	0001.29	072.96
0045.87	002400	0012.09	0001.29	072.96
0045.87	002623	0012.09	0001.29	072.96
0045.87	002905	0012.09	0001.29	072.96
0045.87	002627	0012.09	0001.29	072.96
0045.87	002718	0012.09	0001.29	072.96
0045.87	002882	0012.09	0001.29	072.96
0045.87	002709	0012.09	0001.29	072.96
0045.87	002836	0012.09	0001.29	072.96
0045.87	002718	0012.09	0001.29	072.96
0045.87	002741	0012.09	0001.29	072.96
0045.87	002745	0012.09	0001.29	072.96
0045.87	002755	0012.09	0001.29	072.96
0045.87	002827	0012.09	0001.29	072.96
0045.87	002877	0012.09	0001.29	072.96
0045.87	002782	0012.09	0001.29	072.96
0045.87	002836	0012.09	0001.29	072.96
0045.87	002859	0012.09	0001.29	072.96
0045.87	002959	0012.09	0001.29	072.96
0045.87	002914	0012.09	0001.29	072.96
0045.87	002868	0012.09	0001.29	072.96
0045.87	002868	0012.09	0001.29	072.96
0045.87	003073	0012.09	0001.29	072.96
0045.87	003073	0012.09	0001.29	072.96
0045.87	003032	0012.09	0001.29	072.96
0045.87	003095	0012.09	0001.29	072.96
0045.87	003114	0012.09	0001.29	072.96
0045.87	003118	0012.09	0001.29	072.96
0045.87	003091	0012.09	0001.29	072.96
0045.87	003055	0012.09	0001.29	072.96
0045.87	003127	0012.09	0001.29	072.96
0045.87	002973	0012.09	0001.29	072.96
0045.87	002618	0012.09	0001.29	072.96
0045.87	002432	0012.09	0001.29	072.96
0045.87	002205	0012.09	0001.29	072.96
0045.87	001614	0012.09	0001.29	072.96
0045.87	001441	0012.09	0001.29	072.96
0045.87	001136	0012.09	0001.29	072.96
0045.87	000941	0012.09	0001.29	072.96
0045.87	000673	0012.09	0001.29	072.96
0045.87	000418	0012.09	0001.29	072.96
0045.87	000405	0012.09	0001.29	072.96
0045.87	000236	0012.09	0001.29	072.96
0045.87	000136	0012.09	0001.29	072.96
0045.87	000059	0012.09	0001.29	072.96
0045.87	000027	0012.09	0001.29	072.96
0045.87	000000	0012.09	0001.29	072.96
0045.87	000000	0012.09	0001.29	072.96

#S C A N  C A N C E L L E D
