#UPS-spectrum

#Date/time: 	2018-03-26__17-17-50


#AK pressure: 	8,74E-9 	mbar
#Pass energy: 	15.0 	eV
#Volt. bias: 	-15.0 	V
#Volt. lens: 	-15.0 	V
#Step width: 	20.0 	meV
#Counttime: 	200.0 	ms
#Vor: 	16.0 	V
#Nach: 	5.0 	V
#slope: 	0.613 	V/s
#offset: 	-48.850 	V


#Slope: 	72.7 	mV/s
#Counttime: 	200.0 	ms




#E_k 	 cps 	 Ana 	 Hemi 	 Hemo 	 EP 	 Mt + 	 + meas


21,167	000000	-21,168	-20,219	-21,871	14,999	206	17
21,153	000000	-21,149	-20,200	-21,853	15,004	209	17
21,132	000000	-21,131	-20,181	-21,834	15,001	209	17
21,120	000000	-21,112	-20,162	-21,815	15,008	212	17
21,094	000000	-21,093	-20,143	-21,796	15,001	208	17
21,079	000000	-21,074	-20,124	-21,777	15,005	209	17
21,062	000000	-21,056	-20,106	-21,759	15,006	210	17
21,038	000000	-21,032	-20,081	-21,735	15,007	208	17
21,015	000000	-21,013	-20,063	-21,716	15,003	210	17
21,001	000000	-20,994	-20,044	-21,698	15,006	207	17
20,979	000000	-20,976	-20,026	-21,679	15,003	216	17
20,969	000000	-20,958	-20,007	-21,661	15,011	217	19
20,943	000000	-20,939	-19,989	-21,642	15,004	212	19
20,918	000000	-20,914	-19,964	-21,617	15,004	211	19
20,901	000000	-20,896	-19,945	-21,598	15,005	209	19
20,884	000000	-20,877	-19,927	-21,580	15,007	213	19
20,868	000000	-20,859	-19,908	-21,562	15,009	211	19
20,847	000000	-20,840	-19,889	-21,543	15,007	210	19
20,828	000000	-20,822	-19,871	-21,524	15,006	209	19
20,803	000000	-20,797	-19,846	-21,499	15,006	204	18
20,786	000000	-20,778	-19,828	-21,481	15,008	212	19
20,766	000000	-20,760	-19,809	-21,463	15,006	208	19
20,750	000000	-20,741	-19,791	-21,444	15,008	209	19
20,730	000000	-20,723	-19,772	-21,425	15,006	209	19
20,714	000000	-20,705	-19,753	-21,407	15,010	209	19
20,690	000000	-20,680	-19,728	-21,382	15,010	209	19
20,670	000000	-20,662	-19,710	-21,363	15,008	209	19
20,654	000000	-20,643	-19,691	-21,345	15,011	209	19
20,633	000000	-20,624	-19,672	-21,326	15,009	205	18
20,616	000000	-20,605	-19,654	-21,307	15,011	211	19
20,596	000000	-20,587	-19,635	-21,289	15,010	209	19
20,573	000000	-20,562	-19,610	-21,264	15,011	208	19
20,554	000000	-20,543	-19,591	-21,245	15,011	209	19
20,536	000000	-20,524	-19,572	-21,226	15,012	209	19
20,515	000000	-20,505	-19,553	-21,207	15,010	209	19
20,500	000000	-20,487	-19,535	-21,189	15,014	207	19
20,477	000000	-20,468	-19,516	-21,170	15,009	210	19
20,452	000000	-20,443	-19,491	-21,145	15,009	212	19
20,437	000000	-20,424	-19,472	-21,126	15,012	211	19
20,416	000000	-20,406	-19,454	-21,107	15,011	209	19
20,400	000000	-20,387	-19,434	-21,089	15,013	209	19
20,379	000000	-20,368	-19,416	-21,070	15,011	211	19
20,363	000000	-20,349	-19,397	-21,051	15,013	210	19
20,341	000000	-20,331	-19,379	-21,032	15,010	209	19
20,318	000000	-20,306	-19,353	-21,007	15,012	209	19
20,301	000000	-20,287	-19,334	-20,988	15,015	209	19
20,282	000000	-20,268	-19,315	-20,970	15,013	205	18
20,269	000000	-20,250	-19,296	-20,951	15,019	212	19
20,246	000000	-20,231	-19,279	-20,933	15,015	210	19
20,228	000000	-20,213	-19,260	-20,914	15,015	210	19
20,203	000000	-20,188	-19,235	-20,889	15,016	213	19
20,186	000000	-20,169	-19,216	-20,871	15,017	209	19
20,165	000000	-20,151	-19,198	-20,852	15,014	212	19
20,149	000000	-20,132	-19,179	-20,834	15,017	214	19
20,127	000000	-20,113	-19,161	-20,815	15,014	205	18
20,113	000000	-20,095	-19,141	-20,796	15,018	209	18
20,091	000000	-20,070	-19,116	-20,771	15,021	215	19
20,067	000000	-20,052	-19,098	-20,752	15,015	206	18
20,052	000000	-20,033	-19,080	-20,734	15,019	207	18
20,037	000000	-20,015	-19,061	-20,716	15,022	211	18
20,018	000000	-19,996	-19,042	-20,697	15,023	205	17
20,000	000000	-19,977	-19,024	-20,679	15,022	215	18
19,975	000000	-19,953	-18,999	-20,655	15,022	206	17
19,955	000000	-19,934	-18,981	-20,636	15,021	208	17
19,939	000000	-19,916	-18,962	-20,617	15,023	212	17
19,920	000000	-19,897	-18,943	-20,598	15,023	210	17
19,898	000000	-19,879	-18,925	-20,580	15,019	210	17
19,879	000000	-19,860	-18,907	-20,561	15,019	207	17
19,852	000000	-19,835	-18,882	-20,536	15,017	208	17
19,837	000000	-19,816	-18,863	-20,518	15,020	209	17
19,816	000000	-19,798	-18,845	-20,499	15,018	209	17
19,799	000000	-19,779	-18,826	-20,480	15,020	210	17
19,780	000000	-19,761	-18,807	-20,462	15,019	209	17
19,766	000000	-19,742	-18,788	-20,443	15,024	209	17
19,737	000000	-19,717	-18,763	-20,418	15,020	208	18
19,719	000000	-19,698	-18,744	-20,399	15,022	214	19
19,701	000000	-19,679	-18,726	-20,381	15,021	210	19
19,682	000000	-19,661	-18,707	-20,362	15,021	208	19
19,663	000000	-19,642	-18,688	-20,343	15,021	208	19
19,645	000000	-19,624	-18,670	-20,325	15,022	210	19
19,626	000000	-19,605	-18,651	-20,306	15,021	210	19
19,600	000000	-19,581	-18,627	-20,282	15,020	210	19
19,583	000000	-19,562	-18,608	-20,263	15,021	207	18
19,563	000000	-19,544	-18,590	-20,245	15,019	209	19
19,548	000000	-19,525	-18,571	-20,226	15,024	209	19
19,528	000000	-19,506	-18,552	-20,207	15,022	209	19
19,512	000000	-19,487	-18,533	-20,188	15,025	209	19
19,489	000000	-19,463	-18,508	-20,164	15,026	209	19
19,472	000000	-19,444	-18,490	-20,146	15,027	209	19
19,452	000000	-19,426	-18,471	-20,127	15,026	208	19
19,436	000000	-19,407	-18,453	-20,108	15,029	209	19
19,420	000000	-19,389	-18,434	-20,090	15,031	213	19
19,400	000000	-19,370	-18,415	-20,071	15,030	209	19
19,376	000000	-19,345	-18,390	-20,046	15,030	210	19
19,356	000000	-19,327	-18,371	-20,027	15,030	208	19
19,341	000000	-19,308	-18,352	-20,009	15,033	209	19
19,319	000000	-19,289	-18,334	-19,990	15,030	208	19
19,304	000000	-19,271	-18,315	-19,972	15,033	209	19
19,284	000000	-19,252	-18,296	-19,953	15,032	209	19
19,260	000000	-19,227	-18,271	-19,927	15,033	208	19
19,246	000000	-19,208	-18,252	-19,909	15,038	205	18
19,226	000000	-19,190	-18,234	-19,890	15,036	209	18
19,208	000000	-19,171	-18,215	-19,871	15,037	209	19
19,190	000000	-19,152	-18,196	-19,853	15,038	209	19
19,174	000000	-19,133	-18,177	-19,834	15,041	210	19
19,148	000000	-19,108	-18,152	-19,809	15,040	210	19
19,132	000000	-19,090	-18,133	-19,790	15,043	210	19
19,114	000000	-19,071	-18,114	-19,772	15,042	211	19
19,096	000000	-19,052	-18,095	-19,753	15,044	207	19
19,077	000000	-19,034	-18,077	-19,734	15,043	207	18
19,060	000000	-19,015	-18,058	-19,716	15,045	210	19
19,035	000000	-18,990	-18,033	-19,691	15,045	211	19
19,017	000000	-18,972	-18,014	-19,672	15,045	211	19
19,000	000000	-18,953	-17,995	-19,653	15,047	212	19
18,980	000000	-18,934	-17,976	-19,634	15,046	211	19
18,964	000000	-18,915	-17,957	-19,616	15,049	212	19
18,944	000000	-18,897	-17,939	-19,597	15,048	215	19
18,926	000000	-18,878	-17,920	-19,578	15,048	215	19
18,905	000000	-18,853	-17,895	-19,553	15,052	213	18
18,885	000000	-18,835	-17,877	-19,535	15,051	207	18
18,869	000000	-18,816	-17,858	-19,517	15,053	208	18
18,852	000000	-18,798	-17,840	-19,498	15,053	210	18
18,833	000000	-18,780	-17,821	-19,480	15,054	210	18
18,815	000000	-18,761	-17,803	-19,461	15,054	205	17
18,792	000000	-18,737	-17,778	-19,437	15,055	205	17
18,774	000000	-18,718	-17,759	-19,418	15,055	205	17
18,759	000000	-18,700	-17,740	-19,399	15,059	206	17
18,736	000000	-18,681	-17,722	-19,381	15,055	216	17
18,720	000000	-18,662	-17,703	-19,362	15,058	213	17
18,704	000000	-18,644	-17,685	-19,344	15,060	210	17
18,679	000000	-18,620	-17,660	-19,319	15,059	209	17
18,661	000000	-18,601	-17,642	-19,301	15,060	210	17
18,645	000000	-18,583	-17,623	-19,283	15,062	210	17
18,625	000000	-18,564	-17,604	-19,264	15,061	210	17
18,608	000000	-18,546	-17,586	-19,246	15,062	209	17
18,590	000000	-18,528	-17,567	-19,227	15,063	207	17
18,565	000000	-18,503	-17,543	-19,202	15,062	212	18
18,549	000000	-18,484	-17,524	-19,184	15,064	215	19
18,530	000000	-18,466	-17,506	-19,166	15,064	204	18
18,513	000000	-18,448	-17,488	-19,147	15,065	209	19
18,496	000000	-18,430	-17,469	-19,129	15,066	210	19
18,458	000000	-18,411	-17,452	-19,110	15,047	208	19
18,434	000000	-18,386	-17,428	-19,086	15,048	210	19
18,418	000000	-18,368	-17,409	-19,067	15,050	208	19
18,396	000000	-18,349	-17,391	-19,049	15,046	212	19
18,382	000000	-18,331	-17,372	-19,030	15,051	213	19
18,362	000000	-18,312	-17,354	-19,012	15,050	209	19
18,346	000000	-18,294	-17,335	-18,993	15,052	209	19
18,325	000000	-18,275	-17,317	-18,975	15,050	209	19
18,304	000000	-18,251	-17,292	-18,950	15,053	210	19
18,286	000000	-18,232	-17,273	-18,932	15,054	209	19
18,270	000000	-18,214	-17,254	-18,913	15,056	209	19
18,252	000000	-18,195	-17,236	-18,895	15,057	209	19
18,234	000000	-18,177	-17,217	-18,876	15,057	210	19
18,212	000000	-18,158	-17,199	-18,857	15,054	205	18
18,188	000000	-18,134	-17,174	-18,832	15,054	210	19
18,171	000000	-18,115	-17,155	-18,814	15,057	208	19
18,151	000000	-18,096	-17,136	-18,795	15,054	209	19
18,136	000000	-18,078	-17,118	-18,777	15,058	207	19
18,115	000000	-18,059	-17,099	-18,758	15,056	209	19
18,099	000000	-18,040	-17,080	-18,739	15,059	209	19
18,073	000000	-18,015	-17,055	-18,714	15,058	212	19
18,052	000000	-17,996	-17,036	-18,695	15,056	209	19
18,038	000000	-17,978	-17,017	-18,677	15,060	205	18
18,019	000000	-17,959	-16,999	-18,658	15,060	208	19
18,001	000000	-17,940	-16,980	-18,639	15,061	210	19
17,984	000000	-17,921	-16,961	-18,620	15,062	210	19
17,957	000000	-17,896	-16,936	-18,595	15,061	208	19
17,940	000000	-17,878	-16,917	-18,577	15,062	210	19
17,922	000000	-17,860	-16,899	-18,558	15,062	209	19
17,902	000000	-17,841	-16,880	-18,540	15,060	211	19
17,885	000000	-17,823	-16,862	-18,522	15,062	209	19
17,867	000000	-17,805	-16,844	-18,503	15,062	213	19
17,842	000000	-17,780	-16,819	-18,478	15,062	210	19
17,824	000000	-17,761	-16,800	-18,460	15,063	211	19
17,807	000000	-17,743	-16,782	-18,442	15,064	210	19
17,788	000000	-17,724	-16,763	-18,423	15,064	213	19
17,770	000000	-17,706	-16,745	-18,404	15,065	213	19
17,753	000000	-17,687	-16,726	-18,386	15,066	213	19
17,727	000000	-17,663	-16,701	-18,361	15,065	209	18
17,709	000000	-17,644	-16,683	-18,342	15,065	205	18
17,690	000000	-17,625	-16,664	-18,324	15,065	209	18
17,672	000000	-17,607	-16,646	-18,305	15,065	207	18
17,655	000000	-17,588	-16,627	-18,287	15,066	213	19
17,636	000000	-17,569	-16,608	-18,268	15,066	206	18
17,617	000000	-17,551	-16,589	-18,249	15,067	210	18
17,591	000000	-17,526	-16,564	-18,224	15,065	215	18
17,573	000000	-17,507	-16,546	-18,205	15,066	205	17
17,557	000000	-17,489	-16,527	-18,187	15,069	207	17
17,539	000000	-17,471	-16,508	-18,168	15,068	208	17
17,521	000000	-17,454	-16,490	-18,150	15,067	211	17
17,504	000000	-17,435	-16,471	-18,131	15,069	208	17
17,480	000000	-17,410	-16,446	-18,106	15,070	210	17
17,458	000000	-17,391	-16,427	-18,087	15,067	210	17
17,442	000000	-17,372	-16,408	-18,068	15,070	208	17
17,423	000000	-17,353	-16,389	-18,050	15,069	208	17
17,404	000000	-17,335	-16,371	-18,031	15,069	210	17
17,383	000000	-17,316	-16,352	-18,012	15,068	213	17
17,361	000000	-17,291	-16,327	-17,987	15,070	206	17
17,343	000000	-17,273	-16,308	-17,968	15,070	214	18
17,325	000000	-17,254	-16,290	-17,950	15,071	215	19
17,306	000000	-17,235	-16,271	-17,931	15,070	211	19
17,288	000000	-17,217	-16,252	-17,913	15,071	209	19
17,269	000000	-17,198	-16,233	-17,894	15,071	210	19
17,245	000000	-17,173	-16,209	-17,869	15,072	209	19
17,224	000000	-17,154	-16,190	-17,850	15,069	211	19
17,207	000000	-17,136	-16,171	-17,832	15,071	209	19
17,190	000000	-17,117	-16,152	-17,813	15,072	208	19
17,173	000000	-17,098	-16,134	-17,794	15,074	213	19
17,152	000000	-17,080	-16,115	-17,776	15,072	209	19
17,129	000000	-17,055	-16,090	-17,751	15,074	209	19
17,109	000000	-17,037	-16,072	-17,732	15,072	209	19
17,090	000000	-17,018	-16,053	-17,713	15,072	209	19
17,072	000000	-16,999	-16,034	-17,695	15,073	208	19
17,054	000000	-16,980	-16,015	-17,676	15,073	211	19
17,035	000000	-16,961	-15,996	-17,657	15,073	209	19
17,011	000000	-16,937	-15,972	-17,632	15,075	209	19
16,993	000000	-16,918	-15,953	-17,613	15,075	205	18
16,975	000000	-16,900	-15,934	-17,595	15,076	209	19
16,958	000000	-16,881	-15,915	-17,576	15,077	209	19
16,938	000000	-16,863	-15,897	-17,558	15,076	208	19
16,921	000000	-16,844	-15,878	-17,540	15,078	210	19
16,903	000000	-16,825	-15,859	-17,521	15,077	208	19
16,875	000000	-16,800	-15,835	-17,496	15,074	213	19
16,858	000000	-16,781	-15,816	-17,477	15,076	209	19
16,857	000000	-16,763	-15,797	-17,460	15,094	209	19
16,839	000000	-16,744	-15,779	-17,442	15,095	211	19
16,821	000000	-16,725	-15,759	-17,423	15,095	209	19
16,803	000000	-16,707	-15,741	-17,404	15,096	210	19
16,777	000000	-16,682	-15,716	-17,379	15,095	210	19
16,762	000000	-16,663	-15,697	-17,361	15,098	209	19
16,741	000000	-16,645	-15,679	-17,342	15,096	210	19
16,727	000000	-16,626	-15,660	-17,324	15,101	210	19
16,705	000000	-16,608	-15,642	-17,305	15,097	213	19
16,688	000000	-16,590	-15,623	-17,287	15,098	211	19
16,663	000000	-16,565	-15,598	-17,262	15,099	213	19
16,644	000000	-16,546	-15,580	-17,243	15,097	212	19
16,625	000000	-16,527	-15,561	-17,224	15,098	212	19
16,606	000000	-16,509	-15,543	-17,206	15,097	211	19
16,589	000000	-16,490	-15,524	-17,188	15,098	211	19
16,572	000000	-16,472	-15,505	-17,169	15,100	213	19
16,549	000000	-16,447	-15,481	-17,144	15,102	205	18
16,528	000000	-16,429	-15,462	-17,126	15,099	205	18
16,511	000000	-16,410	-15,443	-17,107	15,101	215	19
16,493	000000	-16,392	-15,425	-17,089	15,101	209	18
16,477	000000	-16,373	-15,406	-17,070	15,104	208	18
16,455	000000	-16,355	-15,388	-17,051	15,101	209	18
16,430	000000	-16,330	-15,363	-17,027	15,100	209	18
16,414	000000	-16,311	-15,344	-17,008	15,103	216	18
16,393	000000	-16,293	-15,326	-16,989	15,100	211	17
16,377	000000	-16,274	-15,307	-16,971	15,103	206	17
16,355	000000	-16,255	-15,288	-16,952	15,100	208	17
16,338	000000	-16,237	-15,270	-16,933	15,101	208	17
16,313	000000	-16,212	-15,245	-16,908	15,102	209	17
16,296	000000	-16,193	-15,226	-16,890	15,103	209	17
16,278	000000	-16,175	-15,207	-16,871	15,103	208	17
16,261	000000	-16,156	-15,188	-16,852	15,105	210	17
16,241	000000	-16,137	-15,170	-16,834	15,104	208	17
16,224	000000	-16,118	-15,151	-16,815	15,106	211	17
16,205	000000	-16,100	-15,133	-16,797	15,104	205	17
16,180	000000	-16,076	-15,108	-16,772	15,105	214	18
16,163	000000	-16,057	-15,089	-16,753	15,107	212	19
16,143	000000	-16,038	-15,070	-16,735	15,105	215	19
16,126	000000	-16,020	-15,052	-16,716	15,106	211	19
16,106	000000	-16,001	-15,034	-16,698	15,104	208	19
16,089	000000	-15,983	-15,015	-16,679	15,106	209	19
16,063	000000	-15,958	-14,990	-16,654	15,105	207	19
16,046	000000	-15,940	-14,971	-16,636	15,106	211	19
16,027	000000	-15,921	-14,953	-16,618	15,106	209	19
16,012	000000	-15,903	-14,934	-16,599	15,109	210	19
15,992	000000	-15,884	-14,916	-16,580	15,107	209	19
15,976	000000	-15,865	-14,897	-16,562	15,111	204	18
15,950	000000	-15,841	-14,872	-16,537	15,110	208	19
15,929	000000	-15,822	-14,854	-16,518	15,107	209	19
15,913	000000	-15,803	-14,835	-16,499	15,110	209	19
15,892	000000	-15,785	-14,816	-16,480	15,108	210	19
15,877	000000	-15,766	-14,797	-16,462	15,111	208	19
15,855	000000	-15,747	-14,779	-16,443	15,108	209	19
15,832	000000	-15,723	-14,754	-16,418	15,110	207	19
15,813	000000	-15,704	-14,735	-16,400	15,109	209	19
15,796	000000	-15,685	-14,716	-16,381	15,111	214	19
15,776	000000	-15,667	-14,698	-16,363	15,109	209	19
15,761	000000	-15,649	-14,679	-16,345	15,113	209	19
15,740	000000	-15,631	-14,661	-16,326	15,110	210	19
15,717	000000	-15,606	-14,637	-16,302	15,111	212	19
15,701	000000	-15,587	-14,618	-16,283	15,114	209	19
15,681	000000	-15,568	-14,599	-16,264	15,112	210	19
15,664	000000	-15,550	-14,581	-16,246	15,114	209	19
15,642	000000	-15,532	-14,562	-16,227	15,111	210	19
15,628	000000	-15,513	-14,544	-16,209	15,115	212	19
15,602	000000	-15,488	-14,519	-16,184	15,114	209	19
15,584	000000	-15,469	-14,500	-16,165	15,114	210	19
15,565	000000	-15,451	-14,482	-16,147	15,113	209	19
15,546	000000	-15,432	-14,463	-16,128	15,114	212	19
15,526	000000	-15,414	-14,444	-16,109	15,112	208	19
15,511	000000	-15,395	-14,425	-16,090	15,116	209	19
15,490	000000	-15,377	-14,407	-16,072	15,114	210	19
15,465	000000	-15,351	-14,382	-16,047	15,113	209	19
15,449	000000	-15,332	-14,362	-16,028	15,117	212	19
15,428	000000	-15,314	-14,344	-16,009	15,114	211	19
15,413	000000	-15,295	-14,325	-15,991	15,118	210	19
15,390	000000	-15,277	-14,307	-15,972	15,113	209	19
15,377	000000	-15,258	-14,288	-15,954	15,119	214	19
15,353	000000	-15,233	-14,263	-15,929	15,119	215	19
15,330	000000	-15,215	-14,245	-15,910	15,115	206	18
15,313	000000	-15,196	-14,226	-15,891	15,117	205	18
15,296	000000	-15,178	-14,207	-15,873	15,118	206	18
15,278	000000	-15,159	-14,188	-15,854	15,119	214	18
15,260	000000	-15,140	-14,170	-15,836	15,120	212	18
15,240	000000	-15,116	-14,145	-15,811	15,124	212	18
15,217	000000	-15,097	-14,127	-15,792	15,119	214	18
15,202	000000	-15,079	-14,108	-15,774	15,123	208	17
15,181	000000	-15,061	-14,090	-15,756	15,120	206	17
15,165	000000	-15,042	-14,071	-15,737	15,124	208	17
15,144	000000	-15,023	-14,052	-15,718	15,120	207	17
15,119	000000	-14,999	-14,028	-15,694	15,121	210	17
15,103	000000	-14,981	-14,009	-15,675	15,122	215	17
15,085	000000	-14,962	-13,991	-15,657	15,122	210	17
15,065	000000	-14,944	-13,973	-15,639	15,121	208	17
15,049	000000	-14,925	-13,954	-15,620	15,124	208	17
15,030	000000	-14,907	-13,935	-15,602	15,123	210	17
15,002	000000	-14,882	-13,911	-15,577	15,120	210	17
14,988	000000	-14,864	-13,892	-15,559	15,125	205	17
14,968	000000	-14,845	-13,874	-15,540	15,123	205	18
14,952	000000	-14,826	-13,855	-15,521	15,126	212	19
14,932	000000	-14,808	-13,837	-15,503	15,124	210	18
14,916	000000	-14,790	-13,818	-15,484	15,127	212	19
14,891	000000	-14,765	-13,793	-15,459	15,126	208	19
14,870	000000	-14,746	-13,774	-15,440	15,124	211	19
14,856	000000	-14,727	-13,756	-15,422	15,128	209	19
14,835	000000	-14,709	-13,737	-15,404	15,126	209	19
14,817	000000	-14,691	-13,719	-15,385	15,126	209	19
14,800	000000	-14,672	-13,700	-15,367	15,128	210	19
14,779	000000	-14,654	-13,682	-15,348	15,126	210	19
14,753	000000	-14,629	-13,657	-15,323	15,124	205	18
14,739	000000	-14,611	-13,638	-15,305	15,128	209	19
14,717	000000	-14,592	-13,620	-15,286	15,125	209	19
14,704	000000	-14,573	-13,601	-15,268	15,131	211	19
14,683	000000	-14,555	-13,582	-15,249	15,129	209	19
14,667	000000	-14,536	-13,564	-15,231	15,130	210	19
14,642	000000	-14,512	-13,539	-15,206	15,130	209	19
14,622	000000	-14,493	-13,521	-15,188	15,129	209	19
14,607	000000	-14,474	-13,502	-15,169	15,132	209	19
14,587	000000	-14,456	-13,483	-15,150	15,131	212	19
14,567	000000	-14,437	-13,464	-15,131	15,130	209	19
14,550	000000	-14,418	-13,446	-15,113	15,132	208	19
14,526	000000	-14,393	-13,421	-15,088	15,132	211	19
14,504	000000	-14,375	-13,402	-15,069	15,129	210	19
14,487	000000	-14,356	-13,383	-15,050	15,131	209	19
14,466	000000	-14,337	-13,364	-15,031	15,129	209	19
14,451	000000	-14,319	-13,346	-15,013	15,132	209	19
14,431	000000	-14,300	-13,327	-14,994	15,130	209	19
14,405	000000	-14,275	-13,302	-14,969	15,130	210	19
14,391	000000	-14,257	-13,284	-14,951	15,134	209	19
14,371	000000	-14,239	-13,265	-14,932	15,132	208	19
14,354	000000	-14,220	-13,247	-14,914	15,134	213	19
14,336	000000	-14,201	-13,228	-14,895	15,135	209	19
14,316	000000	-14,182	-13,209	-14,876	15,133	211	19
14,291	000000	-14,157	-13,184	-14,851	15,133	210	19
14,275	000000	-14,139	-13,165	-14,833	15,136	211	19
14,254	000000	-14,120	-13,147	-14,814	15,134	213	19
14,237	000000	-14,102	-13,128	-14,796	15,136	214	19
14,216	000000	-14,083	-13,110	-14,777	15,132	210	19
14,201	000000	-14,065	-13,091	-14,759	15,136	214	19
14,179	000000	-14,046	-13,073	-14,740	15,133	213	19
14,155	000000	-14,021	-13,048	-14,715	15,133	213	19
14,140	000000	-14,003	-13,029	-14,696	15,138	211	18
14,119	000000	-13,984	-13,010	-14,678	15,135	205	18
14,102	000000	-13,965	-12,991	-14,659	15,137	206	18
14,084	000000	-13,947	-12,973	-14,640	15,137	206	18
14,066	000000	-13,928	-12,954	-14,622	15,138	214	18
14,043	000000	-13,903	-12,929	-14,597	15,140	210	18
14,022	000000	-13,885	-12,911	-14,579	15,138	208	17
14,005	000000	-13,867	-12,893	-14,560	15,138	207	17
13,986	000000	-13,848	-12,874	-14,542	15,138	207	17
13,964	000000	-13,830	-12,856	-14,523	15,134	205	17
13,951	000000	-13,811	-12,837	-14,505	15,140	207	17
13,925	000000	-13,787	-12,812	-14,480	15,139	208	17
13,907	000000	-13,768	-12,794	-14,462	15,139	210	17
13,890	000000	-13,750	-12,775	-14,443	15,140	216	17
13,870	000000	-13,731	-12,757	-14,425	15,139	210	17
13,853	000000	-13,713	-12,738	-14,406	15,140	211	17
13,835	000000	-13,694	-12,720	-14,388	15,140	210	17
13,810	000000	-13,670	-12,695	-14,363	15,141	208	17
13,794	000000	-13,651	-12,676	-14,345	15,142	208	17
13,774	000000	-13,633	-12,658	-14,326	15,141	214	18
13,753	000000	-13,614	-12,639	-14,307	15,138	208	18
13,738	000000	-13,596	-12,621	-14,289	15,142	211	19
13,717	000000	-13,577	-12,602	-14,270	15,140	210	19
13,690	000000	-13,552	-12,577	-14,245	15,139	210	19
13,678	000000	-13,534	-12,558	-14,227	15,144	210	19
13,656	000000	-13,515	-12,540	-14,208	15,141	210	19
13,638	000000	-13,497	-12,521	-14,190	15,142	209	19
13,620	000000	-13,478	-12,503	-14,171	15,142	208	19
13,602	000000	-13,459	-12,484	-14,152	15,143	209	19
13,577	000000	-13,435	-12,460	-14,128	15,142	210	19
13,558	000000	-13,416	-12,441	-14,109	15,142	209	19
13,540	000000	-13,398	-12,423	-14,091	15,142	213	19
13,524	000000	-13,380	-12,404	-14,073	15,144	209	19
13,501	000000	-13,361	-12,385	-14,053	15,141	212	19
13,486	000000	-13,343	-12,367	-14,035	15,143	208	19
13,464	000000	-13,324	-12,349	-14,017	15,140	210	19
13,444	000000	-13,299	-12,324	-13,992	15,144	210	19
13,426	000000	-13,281	-12,305	-13,974	15,145	209	19
13,407	000000	-13,262	-12,287	-13,955	15,145	208	19
13,389	000000	-13,244	-12,268	-13,937	15,146	209	19
13,371	000000	-13,225	-12,250	-13,918	15,146	206	18
13,351	000000	-13,207	-12,231	-13,900	15,143	211	19
13,326	000000	-13,182	-12,206	-13,875	15,144	209	19
13,310	000000	-13,164	-12,187	-13,856	15,146	208	19
13,290	000000	-13,145	-12,169	-13,838	15,144	209	19
13,273	000000	-13,127	-12,151	-13,819	15,146	209	19
13,255	000000	-13,108	-12,132	-13,801	15,146	209	19
13,238	000000	-13,090	-12,113	-13,782	15,148	209	19
13,214	000000	-13,065	-12,088	-13,757	15,149	209	19
13,195	000000	-13,046	-12,070	-13,739	15,149	212	19
13,177	000000	-13,028	-12,051	-13,720	15,149	211	19
13,158	000000	-13,009	-12,033	-13,702	15,149	209	19
13,139	000000	-12,991	-12,014	-13,683	15,149	211	19
13,120	000000	-12,972	-11,996	-13,665	15,147	210	19
13,097	000000	-12,948	-11,971	-13,640	15,149	210	19
13,077	000000	-12,929	-11,952	-13,621	15,148	208	19
13,059	000000	-12,910	-11,933	-13,602	15,148	209	19
13,039	000000	-12,891	-11,914	-13,583	15,148	210	19
13,022	000000	-12,873	-11,896	-13,565	15,150	213	19
13,002	000000	-12,854	-11,877	-13,546	15,148	204	18
12,975	000000	-12,829	-11,852	-13,521	15,146	204	18
12,961	000000	-12,810	-11,833	-13,502	15,150	211	19
12,941	000000	-12,791	-11,814	-13,483	15,150	209	19
12,922	000000	-12,773	-11,796	-13,465	15,149	206	19
12,905	000000	-12,754	-11,777	-13,446	15,151	210	19
12,888	000000	-12,736	-11,758	-13,428	15,152	214	19
12,863	000000	-12,711	-11,734	-13,403	15,152	207	18
12,846	000000	-12,692	-11,715	-13,385	15,154	213	18
12,828	000000	-12,674	-11,696	-13,366	15,154	215	18
12,809	000000	-12,656	-11,678	-13,348	15,153	213	18
12,790	000000	-12,637	-11,660	-13,329	15,153	212	18
12,772	000000	-12,619	-11,641	-13,311	15,153	216	18
12,753	000000	-12,600	-11,623	-13,292	15,153	207	17
12,731	000000	-12,576	-11,598	-13,268	15,155	210	17
12,710	000000	-12,557	-11,580	-13,249	15,153	208	17
12,695	000000	-12,539	-11,561	-13,231	15,156	208	17
12,677	000000	-12,520	-11,542	-13,212	15,156	215	17
12,658	000000	-12,502	-11,524	-13,193	15,157	210	17
12,638	000000	-12,483	-11,505	-13,175	15,154	208	17
12,615	000000	-12,459	-11,480	-13,150	15,157	210	17
12,598	000000	-12,440	-11,462	-13,132	15,158	210	17
12,578	000000	-12,421	-11,443	-13,113	15,157	207	17
12,560	000000	-12,403	-11,425	-13,095	15,157	204	18
12,538	000000	-12,384	-11,406	-13,076	15,154	212	19
12,524	000000	-12,366	-11,388	-13,058	15,157	213	19
12,498	000000	-12,341	-11,363	-13,033	15,157	212	19
12,481	000000	-12,322	-11,344	-13,014	15,159	210	19
12,462	000000	-12,304	-11,325	-12,995	15,159	209	19
12,442	000000	-12,285	-11,306	-12,976	15,158	209	19
12,423	000000	-12,266	-11,287	-12,957	15,157	210	19
12,404	000000	-12,247	-11,269	-12,939	15,157	209	19
12,381	000000	-12,222	-11,243	-12,914	15,159	209	19
12,363	000000	-12,203	-11,224	-12,894	15,159	208	19
12,344	000000	-12,184	-11,206	-12,876	15,160	210	19
12,324	000000	-12,166	-11,187	-12,857	15,158	208	18
12,308	000000	-12,147	-11,168	-12,838	15,161	208	19
12,288	000000	-12,128	-11,149	-12,819	15,160	209	19
12,262	000000	-12,103	-11,124	-12,794	15,159	209	19
12,246	000000	-12,085	-11,105	-12,776	15,161	209	19
12,228	000000	-12,066	-11,087	-12,757	15,162	208	19
12,208	000000	-12,047	-11,068	-12,738	15,161	210	19
12,190	000000	-12,028	-11,049	-12,719	15,162	208	19
12,172	000000	-12,010	-11,030	-12,701	15,162	210	19
12,146	000000	-11,985	-11,005	-12,676	15,162	203	18
12,129	000000	-11,966	-10,986	-12,657	15,163	209	19
12,110	000000	-11,947	-10,968	-12,638	15,163	210	19
12,072	000000	-11,929	-10,951	-12,620	15,144	209	19
12,056	000000	-11,910	-10,933	-12,601	15,146	209	19
12,039	000000	-11,892	-10,914	-12,583	15,147	208	19
12,020	000000	-11,873	-10,896	-12,564	15,146	209	19
11,994	000000	-11,849	-10,871	-12,539	15,146	209	19
11,978	000000	-11,830	-10,852	-12,521	15,148	209	19
11,956	000000	-11,812	-10,834	-12,502	15,144	204	18
11,940	000000	-11,793	-10,815	-12,484	15,147	209	19
11,919	000000	-11,774	-10,796	-12,465	15,145	209	19
11,903	000000	-11,756	-10,778	-12,447	15,147	205	19
11,881	000000	-11,731	-10,753	-12,422	15,150	211	19
11,861	000000	-11,712	-10,734	-12,404	15,149	209	19
11,842	000000	-11,694	-10,716	-12,385	15,148	210	19
11,824	000000	-11,675	-10,697	-12,366	15,149	211	19
11,807	000000	-11,657	-10,678	-12,348	15,150	209	19
11,789	000000	-11,638	-10,660	-12,329	15,150	208	18
11,764	000000	-11,614	-10,635	-12,304	15,150	211	19
11,745	000000	-11,595	-10,616	-12,285	15,151	211	19
11,725	000000	-11,576	-10,598	-12,267	15,149	212	19
11,707	000000	-11,557	-10,579	-12,248	15,150	211	19
11,688	000000	-11,539	-10,560	-12,230	15,149	206	18
11,669	000000	-11,520	-10,542	-12,211	15,149	214	19
11,644	000000	-11,496	-10,517	-12,186	15,148	208	18
11,628	000000	-11,477	-10,498	-12,168	15,151	212	18
11,611	000000	-11,458	-10,480	-12,149	15,153	211	18
11,592	000000	-11,440	-10,461	-12,130	15,152	211	18
11,573	000000	-11,421	-10,443	-12,112	15,152	212	18
11,556	000000	-11,403	-10,424	-12,093	15,153	210	17
11,529	000000	-11,378	-10,399	-12,068	15,151	206	17
11,514	000000	-11,359	-10,380	-12,050	15,154	210	17
11,494	000000	-11,341	-10,361	-12,031	15,153	209	17
11,477	000000	-11,322	-10,343	-12,013	15,155	209	17
11,458	000000	-11,303	-10,324	-11,993	15,155	213	17
11,439	000000	-11,285	-10,306	-11,975	15,154	209	17
11,413	000000	-11,260	-10,281	-11,950	15,153	209	17
11,394	000000	-11,241	-10,262	-11,932	15,153	210	17
11,378	000000	-11,223	-10,243	-11,913	15,155	210	17
11,360	000000	-11,204	-10,225	-11,894	15,155	209	17
11,341	000000	-11,185	-10,206	-11,876	15,156	211	18
11,321	000000	-11,167	-10,187	-11,857	15,154	215	19
11,304	000000	-11,149	-10,169	-11,838	15,156	213	19
11,281	000000	-11,124	-10,144	-11,814	15,157	210	19
11,263	000000	-11,105	-10,126	-11,796	15,158	209	19
11,243	000000	-11,087	-10,107	-11,777	15,156	211	19
11,226	000000	-11,068	-10,088	-11,758	15,157	209	19
11,207	000000	-11,050	-10,069	-11,740	15,158	210	19
11,187	000000	-11,031	-10,051	-11,721	15,156	208	19
11,164	000000	-11,006	-10,026	-11,696	15,158	209	19
11,144	000000	-10,988	-10,007	-11,677	15,156	208	19
11,129	000000	-10,969	-9,989	-11,659	15,159	208	19
11,111	000000	-10,953	-9,971	-11,641	15,158	211	19
11,092	000000	-10,934	-9,952	-11,622	15,157	212	19
11,076	000000	-10,916	-9,933	-11,604	15,160	206	19
11,050	000000	-10,891	-9,909	-11,579	15,158	209	19
11,033	000000	-10,873	-9,890	-11,560	15,161	208	19
11,014	000000	-10,854	-9,871	-11,542	15,160	209	19
10,994	000000	-10,835	-9,852	-11,523	15,159	210	19
10,978	000000	-10,817	-9,834	-11,504	15,161	209	19
10,959	000000	-10,798	-9,815	-11,485	15,162	210	19
10,935	000000	-10,773	-9,790	-11,460	15,162	209	19
10,915	000000	-10,754	-9,771	-11,442	15,161	210	19
10,897	000000	-10,736	-9,753	-11,423	15,161	208	19
10,879	000000	-10,717	-9,734	-11,405	15,162	209	19
10,865	000000	-10,699	-9,716	-11,387	15,166	209	19
10,844	000000	-10,681	-9,698	-11,368	15,163	209	19
10,820	000000	-10,656	-9,673	-11,344	15,164	208	19
10,801	000000	-10,638	-9,654	-11,325	15,164	208	19
10,782	000000	-10,619	-9,636	-11,307	15,163	212	19
10,764	000000	-10,601	-9,618	-11,289	15,163	209	19
10,745	000000	-10,583	-9,599	-11,270	15,163	206	18
10,729	000000	-10,564	-9,581	-11,251	15,164	210	19
10,712	000000	-10,546	-9,562	-11,233	15,166	209	19
10,688	000000	-10,521	-9,537	-11,208	15,168	210	19
10,667	000000	-10,502	-9,518	-11,189	15,165	210	19
10,650	000000	-10,484	-9,500	-11,171	15,166	210	19
10,630	000000	-10,465	-9,481	-11,152	15,165	211	19
10,613	000000	-10,446	-9,463	-11,134	15,167	213	19
10,593	000000	-10,428	-9,444	-11,115	15,165	211	19
10,568	000000	-10,402	-9,419	-11,090	15,166	207	18
10,552	000000	-10,384	-9,400	-11,071	15,168	209	19
10,533	000000	-10,365	-9,381	-11,052	15,167	214	19
10,513	000000	-10,347	-9,363	-11,034	15,166	206	18
10,494	000000	-10,328	-9,344	-11,015	15,166	207	18
10,477	000000	-10,310	-9,326	-10,997	15,167	207	18
10,452	000000	-10,285	-9,301	-10,972	15,167	215	19
10,458	000000	-10,267	-9,282	-10,956	15,191	215	18
10,435	000000	-10,248	-9,264	-10,937	15,187	212	18
10,417	000000	-10,230	-9,246	-10,919	15,187	209	17
10,398	000000	-10,211	-9,227	-10,900	15,187	215	18
10,381	000000	-10,193	-9,208	-10,881	15,189	206	17
10,355	000000	-10,168	-9,184	-10,857	15,187	208	17
10,336	000000	-10,149	-9,165	-10,838	15,187	207	17
10,319	000000	-10,131	-9,146	-10,820	15,188	210	17
10,301	000000	-10,112	-9,127	-10,801	15,189	210	17
10,281	000000	-10,094	-9,109	-10,782	15,188	208	17
10,264	000000	-10,075	-9,090	-10,763	15,189	208	17
10,241	000000	-10,050	-9,065	-10,739	15,191	214	17
10,221	000000	-10,032	-9,047	-10,720	15,189	209	17
10,207	000000	-10,013	-9,028	-10,702	15,194	208	17
10,184	000000	-9,994	-9,009	-10,683	15,190	204	17
10,168	000000	-9,976	-8,990	-10,664	15,193	214	18
10,147	000000	-9,957	-8,972	-10,645	15,190	203	18
10,123	000000	-9,932	-8,947	-10,620	15,191	212	19
10,107	000000	-9,913	-8,928	-10,602	15,194	208	19
10,085	000000	-9,894	-8,909	-10,583	15,191	210	20
10,066	000000	-9,876	-8,891	-10,564	15,191	211	19
10,047	000000	-9,857	-8,872	-10,546	15,190	209	19
10,030	000000	-9,839	-8,853	-10,527	15,192	209	19
10,011	000000	-9,820	-8,834	-10,508	15,191	210	19
9,989	000000	-9,795	-8,810	-10,484	15,194	208	19
9,968	000000	-9,777	-8,791	-10,465	15,192	208	19
9,950	000000	-9,758	-8,772	-10,446	15,192	211	19
9,932	000000	-9,740	-8,754	-10,428	15,193	207	19
9,917	000000	-9,721	-8,735	-10,409	15,196	207	19
9,895	000000	-9,702	-8,716	-10,390	15,194	213	19
9,871	000000	-9,677	-8,691	-10,365	15,193	208	19
9,855	000000	-9,659	-8,672	-10,347	15,197	210	19
9,832	000000	-9,640	-8,654	-10,328	15,192	209	19
9,816	000000	-9,621	-8,635	-10,309	15,195	209	19
9,796	000000	-9,603	-8,617	-10,291	15,193	213	19
9,781	000000	-9,584	-8,598	-10,272	15,197	209	19
9,755	000000	-9,560	-8,574	-10,248	15,195	209	19
9,737	000000	-9,542	-8,555	-10,229	15,196	209	19
9,720	000000	-9,523	-8,537	-10,211	15,197	212	19
9,705	000000	-9,505	-8,518	-10,193	15,200	209	19
9,683	000000	-9,487	-8,500	-10,175	15,196	209	19
9,667	000000	-9,468	-8,482	-10,156	15,199	208	19
9,642	000000	-9,444	-8,457	-10,132	15,198	209	19
9,622	000000	-9,425	-8,439	-10,113	15,197	210	19
9,606	000000	-9,407	-8,420	-10,095	15,199	208	19
9,588	000000	-9,389	-8,402	-10,077	15,199	206	19
9,568	000000	-9,370	-8,384	-10,058	15,198	209	19
9,549	000000	-9,352	-8,364	-10,039	15,198	207	18
9,528	000000	-9,327	-8,339	-10,014	15,201	209	19
9,505	000000	-9,308	-8,321	-9,995	15,197	210	19
9,491	000000	-9,289	-8,302	-9,977	15,202	209	19
9,470	000000	-9,271	-8,283	-9,958	15,199	210	19
9,454	000000	-9,252	-8,264	-9,939	15,202	212	19
9,432	000000	-9,233	-8,246	-9,920	15,199	208	19
9,407	000000	-9,208	-8,220	-9,895	15,200	210	19
9,392	000000	-9,189	-8,202	-9,876	15,202	210	19
9,371	000000	-9,171	-8,183	-9,858	15,201	205	18
9,354	000000	-9,152	-8,164	-9,839	15,203	214	19
9,334	000000	-9,133	-8,146	-9,821	15,201	215	19
9,318	000000	-9,115	-8,127	-9,802	15,203	205	18
9,300	000000	-9,097	-8,108	-9,784	15,204	209	18
9,274	000000	-9,072	-8,084	-9,759	15,203	206	18
9,256	000000	-9,053	-8,065	-9,740	15,203	211	18
9,238	000000	-9,034	-8,046	-9,721	15,204	212	18
9,218	000000	-9,016	-8,028	-9,703	15,203	215	18
9,202	000000	-8,997	-8,009	-9,684	15,205	208	17
9,181	000000	-8,978	-7,990	-9,665	15,203	205	17
9,156	000000	-8,953	-7,965	-9,640	15,203	207	17
9,143	000000	-8,935	-7,947	-9,622	15,208	207	17
9,118	000000	-8,916	-7,928	-9,603	15,202	211	17
9,104	000000	-8,898	-7,909	-9,585	15,207	210	17
9,083	000000	-8,879	-7,891	-9,566	15,204	210	17
9,069	000000	-8,860	-7,872	-9,547	15,208	210	17
9,043	000000	-8,835	-7,847	-9,522	15,207	208	17
9,024	000000	-8,817	-7,828	-9,504	15,207	214	17
9,004	000000	-8,798	-7,810	-9,485	15,206	208	17
8,985	000000	-8,780	-7,791	-9,466	15,206	207	17
8,967	000000	-8,761	-7,773	-9,448	15,206	209	18
8,952	000000	-8,743	-7,754	-9,430	15,209	206	18
8,926	000000	-8,718	-7,729	-9,405	15,209	207	18
8,905	000000	-8,699	-7,711	-9,386	15,206	209	19
8,888	000000	-8,681	-7,692	-9,367	15,207	208	19
8,866	000000	-8,662	-7,673	-9,349	15,204	208	19
8,851	000000	-8,643	-7,654	-9,330	15,208	205	18
8,828	000000	-8,624	-7,636	-9,311	15,204	209	19
8,805	000000	-8,599	-7,611	-9,286	15,205	209	19
8,789	000000	-8,581	-7,592	-9,268	15,208	209	19
8,770	000000	-8,563	-7,574	-9,249	15,208	208	19
8,752	000000	-8,544	-7,555	-9,231	15,208	207	19
8,733	000000	-8,526	-7,537	-9,212	15,207	209	19
8,716	000000	-8,507	-7,518	-9,194	15,209	208	19
8,691	000000	-8,483	-7,494	-9,169	15,209	209	19
8,675	000000	-8,464	-7,475	-9,151	15,211	205	18
8,654	000000	-8,446	-7,457	-9,132	15,208	210	19
8,638	000000	-8,427	-7,438	-9,114	15,211	208	19
8,616	000000	-8,408	-7,419	-9,094	15,208	212	19
8,600	000000	-8,390	-7,400	-9,076	15,210	211	19
8,581	000000	-8,371	-7,382	-9,058	15,209	207	19
8,554	000000	-8,347	-7,357	-9,033	15,208	209	19
8,541	000000	-8,328	-7,339	-9,015	15,213	208	19
8,521	000000	-8,310	-7,320	-8,996	15,212	209	19
8,504	000000	-8,291	-7,301	-8,978	15,213	213	19
8,485	000000	-8,273	-7,283	-8,959	15,212	209	19
8,465	000000	-8,255	-7,265	-8,941	15,211	209	19
8,442	000000	-8,230	-7,240	-8,916	15,212	208	19
8,425	000000	-8,211	-7,221	-8,897	15,214	208	19
8,404	000000	-8,192	-7,203	-8,879	15,212	207	19
8,389	000000	-8,174	-7,184	-8,860	15,215	209	19
8,366	000000	-8,156	-7,166	-8,842	15,210	210	19
8,352	000000	-8,137	-7,147	-8,823	15,214	208	19
8,327	000000	-8,112	-7,122	-8,798	15,215	205	18
8,306	000000	-8,094	-7,103	-8,779	15,213	211	19
8,291	000000	-8,075	-7,085	-8,761	15,215	210	19
8,272	000000	-8,057	-7,066	-8,743	15,215	212	19
8,254	000000	-8,038	-7,047	-8,724	15,216	212	19
8,234	000000	-8,019	-7,029	-8,705	15,215	207	19
8,209	000000	-7,994	-7,004	-8,680	15,215	213	20
8,190	000000	-7,976	-6,985	-8,662	15,214	207	19
8,174	000000	-7,957	-6,967	-8,643	15,217	212	19
8,153	000000	-7,939	-6,948	-8,624	15,214	212	18
8,136	000000	-7,920	-6,929	-8,606	15,216	215	19
8,116	000000	-7,902	-6,911	-8,587	15,215	206	18
8,092	000000	-7,877	-6,886	-8,562	15,216	209	18
8,077	000000	-7,858	-6,867	-8,544	15,219	207	18
8,055	000000	-7,840	-6,848	-8,525	15,216	215	19
8,040	000000	-7,821	-6,829	-8,506	15,220	209	18
8,020	000000	-7,802	-6,811	-8,487	15,218	214	18
8,003	000000	-7,783	-6,792	-8,469	15,220	205	17
7,979	000000	-7,759	-6,767	-8,444	15,221	209	17
7,962	000000	-7,740	-6,749	-8,426	15,222	209	17
7,941	000000	-7,721	-6,730	-8,407	15,220	208	17
7,924	000000	-7,703	-6,711	-8,388	15,221	208	17
7,905	000000	-7,684	-6,692	-8,369	15,221	208	17
7,888	000000	-7,666	-6,674	-8,351	15,223	209	17
7,866	000000	-7,647	-6,655	-8,332	15,219	209	17
7,841	000000	-7,622	-6,630	-8,306	15,219	210	17
7,825	000000	-7,603	-6,611	-8,288	15,222	209	17
7,804	000000	-7,584	-6,592	-8,269	15,219	215	17
7,788	000000	-7,566	-6,574	-8,251	15,222	208	17
7,766	000000	-7,547	-6,555	-8,232	15,219	214	18
7,750	000000	-7,529	-6,536	-8,213	15,222	212	19
7,727	000000	-7,504	-6,511	-8,189	15,223	213	19
7,708	000000	-7,485	-6,493	-8,170	15,222	210	19
7,690	000000	-7,466	-6,474	-8,151	15,224	208	19
7,670	000000	-7,448	-6,455	-8,132	15,223	208	19
7,653	000000	-7,429	-6,436	-8,114	15,224	209	19
7,635	000000	-7,410	-6,418	-8,095	15,224	212	19
7,610	000000	-7,386	-6,393	-8,070	15,225	208	19
7,591	000000	-7,367	-6,374	-8,052	15,224	212	19
7,574	000000	-7,349	-6,356	-8,033	15,225	208	19
7,553	000000	-7,330	-6,337	-8,015	15,223	208	19
7,538	000000	-7,312	-6,319	-7,997	15,226	210	19
7,516	000000	-7,293	-6,300	-7,978	15,222	209	19
7,492	000000	-7,269	-6,276	-7,953	15,224	209	19
7,477	000000	-7,250	-6,257	-7,934	15,227	209	19
7,457	000000	-7,231	-6,238	-7,916	15,225	213	19
7,441	000000	-7,213	-6,220	-7,897	15,228	212	19
7,421	000000	-7,194	-6,201	-7,879	15,227	209	19
7,403	000000	-7,175	-6,182	-7,860	15,228	208	19
7,380	000000	-7,151	-6,157	-7,835	15,229	209	19
7,361	000000	-7,132	-6,139	-7,817	15,229	209	19
7,341	000000	-7,114	-6,120	-7,798	15,227	210	19
7,324	000000	-7,094	-6,101	-7,779	15,230	208	19
7,301	000000	-7,076	-6,083	-7,760	15,226	208	19
7,285	000000	-7,057	-6,064	-7,742	15,227	206	18
7,261	000000	-7,032	-6,039	-7,717	15,229	207	19
7,243	000000	-7,014	-6,020	-7,698	15,229	210	19
7,227	000000	-6,995	-6,001	-7,679	15,232	209	19
7,204	000000	-6,976	-5,983	-7,660	15,228	208	19
7,192	000000	-6,958	-5,964	-7,642	15,234	210	19
7,171	000000	-6,939	-5,945	-7,624	15,232	208	19
7,153	000000	-6,920	-5,926	-7,605	15,232	210	19
7,130	000000	-6,895	-5,901	-7,580	15,235	212	19
7,110	000000	-6,877	-5,883	-7,561	15,234	214	19
7,093	000000	-6,858	-5,864	-7,543	15,235	212	19
7,074	000000	-6,840	-5,846	-7,524	15,235	211	19
7,055	000000	-6,821	-5,827	-7,505	15,234	210	19
7,036	000000	-6,802	-5,808	-7,486	15,234	213	19
7,012	000000	-6,777	-5,783	-7,462	15,235	214	19
6,993	000000	-6,759	-5,765	-7,443	15,234	215	19
6,976	000000	-6,740	-5,746	-7,424	15,236	212	19
6,956	000000	-6,722	-5,727	-7,405	15,234	205	18
6,937	000000	-6,703	-5,709	-7,387	15,235	210	18
6,919	000000	-6,684	-5,690	-7,368	15,235	208	18
6,894	000000	-6,659	-5,665	-7,343	15,234	211	18
6,876	000000	-6,641	-5,646	-7,325	15,236	215	18
6,855	000000	-6,622	-5,627	-7,306	15,233	213	18
6,840	000000	-6,603	-5,608	-7,287	15,237	213	18
6,822	000000	-6,585	-5,590	-7,269	15,238	206	17
6,805	000000	-6,566	-5,571	-7,250	15,239	207	17
6,781	000000	-6,541	-5,546	-7,225	15,240	209	17
6,761	000000	-6,522	-5,528	-7,206	15,238	209	17
6,742	000000	-6,504	-5,509	-7,188	15,238	210	17
6,725	000000	-6,485	-5,490	-7,169	15,240	208	17
6,706	000000	-6,467	-5,472	-7,150	15,239	208	17
6,687	000000	-6,448	-5,453	-7,132	15,239	208	17
6,664	000000	-6,423	-5,428	-7,107	15,241	209	17
6,644	000000	-6,405	-5,409	-7,088	15,239	208	17
6,625	000000	-6,386	-5,391	-7,070	15,239	209	17
6,606	000000	-6,368	-5,372	-7,051	15,238	205	18
6,590	000000	-6,349	-5,354	-7,033	15,241	207	18
6,572	000000	-6,331	-5,335	-7,014	15,242	210	19
6,554	000000	-6,312	-5,317	-6,996	15,242	204	18
6,530	000000	-6,288	-5,292	-6,971	15,242	210	19
6,511	000000	-6,269	-5,274	-6,953	15,242	212	19
6,493	000000	-6,251	-5,255	-6,934	15,242	209	19
6,476	000000	-6,232	-5,236	-6,916	15,244	208	19
6,456	000000	-6,214	-5,218	-6,897	15,242	212	19
6,437	000000	-6,195	-5,199	-6,879	15,242	210	19
6,411	000000	-6,170	-5,175	-6,854	15,241	212	19
6,392	000000	-6,152	-5,156	-6,835	15,240	209	19
6,376	000000	-6,133	-5,137	-6,816	15,243	209	19
6,357	000000	-6,114	-5,118	-6,798	15,242	208	19
6,338	000000	-6,096	-5,100	-6,779	15,243	209	19
6,321	000000	-6,077	-5,081	-6,760	15,243	208	19
6,297	000000	-6,052	-5,056	-6,735	15,244	211	19
6,279	000000	-6,034	-5,037	-6,717	15,245	209	19
6,261	000000	-6,015	-5,018	-6,698	15,246	209	19
6,242	000000	-5,997	-5,000	-6,679	15,245	213	19
6,223	000000	-5,978	-4,981	-6,661	15,245	208	19
6,206	000000	-5,959	-4,962	-6,642	15,247	209	19
6,182	000000	-5,935	-4,938	-6,617	15,247	205	19
6,158	000000	-5,916	-4,920	-6,599	15,242	209	19
6,143	000000	-5,897	-4,901	-6,580	15,246	209	19
6,125	000000	-5,879	-4,882	-6,562	15,247	213	19
6,107	000000	-5,860	-4,863	-6,543	15,247	207	19
6,089	000000	-5,841	-4,844	-6,524	15,247	208	19
6,064	000000	-5,817	-4,820	-6,499	15,248	211	19
6,046	000000	-5,798	-4,801	-6,481	15,248	209	19
6,028	000000	-5,780	-4,782	-6,462	15,249	210	19
6,009	000000	-5,761	-4,764	-6,444	15,249	208	19
5,991	000000	-5,743	-4,745	-6,425	15,249	207	19
5,973	000000	-5,724	-4,727	-6,407	15,249	211	19
5,947	000000	-5,699	-4,702	-6,382	15,248	212	19
5,930	000000	-5,681	-4,683	-6,363	15,249	209	19
5,910	000000	-5,662	-4,664	-6,344	15,248	211	19
5,894	000000	-5,643	-4,646	-6,326	15,250	214	19
5,874	000000	-5,624	-4,627	-6,307	15,250	210	19
5,858	000000	-5,606	-4,608	-6,289	15,252	211	19
5,840	000000	-5,588	-4,590	-6,270	15,252	208	19
5,815	000000	-5,563	-4,565	-6,246	15,252	212	19
5,796	000000	-5,545	-4,547	-6,228	15,251	205	18
5,779	000000	-5,527	-4,528	-6,209	15,253	206	18
5,758	000000	-5,508	-4,510	-6,190	15,251	205	18
5,742	000000	-5,489	-4,491	-6,172	15,253	205	18
5,722	000000	-5,471	-4,473	-6,153	15,251	208	18
5,681	000000	-5,446	-4,450	-6,129	15,235	209	18
5,661	000000	-5,427	-4,431	-6,110	15,233	214	18
5,646	000000	-5,409	-4,413	-6,091	15,237	210	18
5,625	000000	-5,390	-4,394	-6,073	15,234	213	18
5,607	000000	-5,372	-4,376	-6,054	15,235	212	17
5,591	000000	-5,354	-4,358	-6,036	15,237	208	17
5,567	000000	-5,329	-4,333	-6,012	15,238	207	17
5,549	000000	-5,311	-4,314	-5,993	15,238	208	17
5,530	000000	-5,293	-4,296	-5,975	15,238	212	17
5,510	000000	-5,274	-4,278	-5,956	15,236	208	17
5,493	000000	-5,255	-4,259	-5,938	15,238	209	17
5,475	000000	-5,237	-4,240	-5,919	15,239	209	17
5,450	000000	-5,212	-4,215	-5,894	15,238	210	17
5,434	000000	-5,193	-4,197	-5,876	15,241	206	17
5,413	000000	-5,175	-4,178	-5,857	15,237	214	18
5,396	000000	-5,156	-4,159	-5,838	15,239	203	18
5,377	000000	-5,138	-4,141	-5,820	15,240	210	19
5,360	000000	-5,119	-4,122	-5,801	15,241	206	18
5,334	000000	-5,094	-4,097	-5,776	15,240	210	19
5,316	000000	-5,075	-4,078	-5,757	15,241	211	19
5,297	000000	-5,057	-4,059	-5,738	15,240	207	19
5,279	000000	-5,038	-4,040	-5,720	15,241	209	19
5,261	000000	-5,019	-4,022	-5,701	15,242	212	19
5,241	000000	-5,001	-4,003	-5,682	15,241	209	19
5,218	000000	-4,976	-3,979	-5,658	15,242	209	19
5,199	000000	-4,957	-3,960	-5,639	15,241	209	19
5,181	000000	-4,939	-3,941	-5,621	15,242	213	19
5,163	000000	-4,920	-3,923	-5,602	15,242	208	19
5,145	000000	-4,902	-3,904	-5,584	15,243	209	19
5,125	000000	-4,883	-3,886	-5,565	15,242	208	19
5,106	000000	-4,864	-3,867	-5,546	15,242	212	19
5,084	000000	-4,839	-3,841	-5,521	15,245	208	19
5,064	000000	-4,821	-3,823	-5,503	15,243	209	19
5,047	000000	-4,803	-3,804	-5,484	15,244	208	19
5,029	000000	-4,784	-3,786	-5,466	15,245	210	19
5,010	000000	-4,765	-3,767	-5,447	15,245	205	18
4,991	000000	-4,746	-3,749	-5,428	15,245	209	19
4,967	000000	-4,722	-3,724	-5,403	15,245	209	19
4,950	000000	-4,703	-3,705	-5,385	15,247	209	19
4,931	000000	-4,684	-3,686	-5,366	15,247	213	19
4,911	000000	-4,666	-3,667	-5,347	15,246	210	19
4,893	000000	-4,647	-3,649	-5,328	15,246	208	19
4,875	000000	-4,628	-3,630	-5,309	15,247	209	19
4,851	000000	-4,603	-3,605	-5,285	15,247	210	19
4,831	000000	-4,585	-3,586	-5,266	15,246	209	18
4,814	000000	-4,566	-3,567	-5,247	15,248	209	19
4,794	000000	-4,547	-3,549	-5,228	15,247	209	19
4,778	000000	-4,529	-3,530	-5,210	15,249	209	19
4,759	000000	-4,510	-3,511	-5,191	15,249	214	19
4,735	000000	-4,485	-3,486	-5,166	15,249	210	19
4,716	000000	-4,466	-3,467	-5,148	15,250	210	19
4,698	000000	-4,449	-3,448	-5,128	15,249	210	19
4,680	000000	-4,430	-3,429	-5,110	15,250	211	19
4,661	000000	-4,412	-3,411	-5,091	15,249	205	18
4,645	000000	-4,393	-3,392	-5,073	15,251	212	19
4,619	000000	-4,369	-3,367	-5,048	15,250	211	19
4,600	000000	-4,350	-3,349	-5,029	15,250	210	18
4,584	000000	-4,332	-3,330	-5,011	15,252	213	19
4,565	000000	-4,313	-3,312	-4,992	15,252	214	19
4,546	000000	-4,295	-3,293	-4,973	15,252	207	18
4,528	000000	-4,276	-3,275	-4,955	15,252	204	18
4,504	000000	-4,251	-3,250	-4,930	15,253	213	18
4,485	000000	-4,232	-3,231	-4,911	15,253	206	17
4,468	000000	-4,214	-3,212	-4,893	15,254	214	18
4,449	000000	-4,196	-3,194	-4,874	15,254	215	18
4,431	000000	-4,177	-3,175	-4,856	15,254	213	18
4,412	000000	-4,159	-3,157	-4,837	15,253	208	17
4,393	000000	-4,141	-3,139	-4,819	15,252	208	17
4,370	000000	-4,116	-3,114	-4,795	15,254	207	17
4,352	000000	-4,097	-3,095	-4,776	15,255	210	17
4,333	000000	-4,079	-3,076	-4,757	15,255	208	17
4,314	000000	-4,060	-3,058	-4,738	15,255	211	17
4,296	000000	-4,042	-3,039	-4,720	15,254	208	17
4,280	000000	-4,023	-3,020	-4,701	15,258	209	17
4,255	000000	-3,998	-2,996	-4,677	15,257	209	17
4,234	000000	-3,980	-2,977	-4,658	15,254	215	18
4,219	000000	-3,961	-2,959	-4,640	15,258	211	18
4,197	000000	-3,942	-2,940	-4,621	15,254	215	19
4,179	000000	-3,924	-2,921	-4,602	15,255	213	19
4,162	000000	-3,905	-2,902	-4,583	15,257	209	19
4,136	000000	-3,880	-2,878	-4,558	15,256	213	19
4,119	000000	-3,862	-2,859	-4,540	15,257	211	19
4,103	000000	-3,843	-2,840	-4,522	15,260	210	19
4,082	000000	-3,825	-2,822	-4,503	15,257	206	19
4,064	000000	-3,806	-2,803	-4,484	15,258	209	19
4,045	000000	-3,788	-2,785	-4,466	15,258	207	19
4,040	000000	-3,763	-2,760	-4,443	15,277	208	19
4,020	000000	-3,744	-2,742	-4,425	15,275	210	19
4,001	000000	-3,726	-2,723	-4,406	15,275	205	18
3,983	000000	-3,707	-2,704	-4,387	15,275	206	18
3,967	000000	-3,689	-2,686	-4,369	15,278	210	19
3,947	000000	-3,670	-2,667	-4,350	15,277	211	19
3,922	000000	-3,646	-2,643	-4,326	15,277	209	19
3,907	000000	-3,627	-2,624	-4,307	15,280	209	19
3,888	000000	-3,609	-2,605	-4,289	15,279	209	19
3,871	000000	-3,590	-2,587	-4,270	15,281	208	19
3,849	000000	-3,571	-2,568	-4,251	15,278	209	19
3,832	000000	-3,553	-2,549	-4,233	15,279	208	19
3,810	000000	-3,528	-2,524	-4,208	15,282	204	18
3,787	000000	-3,509	-2,506	-4,189	15,278	209	19
3,770	000000	-3,491	-2,488	-4,171	15,279	212	19
3,752	000000	-3,473	-2,469	-4,152	15,279	207	19
3,734	000000	-3,454	-2,450	-4,134	15,280	209	19
3,717	000000	-3,435	-2,432	-4,115	15,281	208	19
3,697	000000	-3,417	-2,413	-4,097	15,280	209	19
3,673	000000	-3,393	-2,388	-4,072	15,280	209	19
3,658	000000	-3,374	-2,370	-4,054	15,285	209	19
3,636	000000	-3,355	-2,351	-4,035	15,281	212	19
3,620	000000	-3,336	-2,333	-4,016	15,284	209	19
3,600	000000	-3,319	-2,314	-3,998	15,281	213	19
3,582	000000	-3,300	-2,296	-3,979	15,283	208	15
3,558	000000	-3,275	-2,271	-3,955	15,283	212	14
3,538	000000	-3,256	-2,252	-3,936	15,281	206	14
3,521	000000	-3,238	-2,234	-3,918	15,283	204	12
3,503	000000	-3,220	-2,215	-3,899	15,284	223	13
3,484	000000	-3,202	-2,197	-3,881	15,282	215	11
3,467	000000	-3,183	-2,178	-3,862	15,284	212	11
3,442	000000	-3,158	-2,154	-3,838	15,284	217	12
3,421	000000	-3,140	-2,135	-3,819	15,281	204	11
3,408	000000	-3,121	-2,116	-3,801	15,287	205	10
3,383	000000	-3,103	-2,099	-3,782	15,280	221	11
3,368	000000	-3,084	-2,080	-3,764	15,284	204	10
3,347	000000	-3,066	-2,061	-3,745	15,281	204	11
3,324	000000	-3,041	-2,036	-3,720	15,283	215	11
3,307	000000	-3,023	-2,018	-3,702	15,284	215	12
3,292	000000	-3,004	-2,000	-3,684	15,288	215	11
3,271	000000	-2,986	-1,981	-3,665	15,285	211	12
3,254	000000	-2,968	-1,963	-3,647	15,286	218	12
3,232	000000	-2,949	-1,944	-3,628	15,283	204	10
3,209	000000	-2,925	-1,920	-3,604	15,284	204	10
3,192	000000	-2,906	-1,901	-3,585	15,286	204	10
3,172	000000	-2,888	-1,882	-3,566	15,284	221	11
3,158	000000	-2,870	-1,864	-3,549	15,288	214	11
3,136	000000	-2,851	-1,846	-3,530	15,286	213	11
3,118	000000	-2,833	-1,827	-3,511	15,285	212	11
3,093	000000	-2,808	-1,802	-3,486	15,285	223	11
3,079	000000	-2,789	-1,784	-3,468	15,290	204	10
3,058	000000	-2,771	-1,765	-3,449	15,288	204	10
3,041	000000	-2,752	-1,746	-3,431	15,289	204	10
3,021	000000	-2,733	-1,728	-3,412	15,287	221	12
3,006	000000	-2,715	-1,709	-3,393	15,292	216	11
2,984	000000	-2,696	-1,690	-3,374	15,288	216	11
2,960	000000	-2,671	-1,665	-3,350	15,289	216	11
2,945	000000	-2,653	-1,646	-3,331	15,293	210	10
2,922	000000	-2,634	-1,628	-3,312	15,288	219	11
2,907	000000	-2,615	-1,609	-3,294	15,292	205	10
2,886	000000	-2,597	-1,591	-3,275	15,289	222	11
2,868	000000	-2,579	-1,572	-3,257	15,290	224	11
2,845	000000	-2,554	-1,547	-3,232	15,291	215	11
2,828	000000	-2,535	-1,528	-3,213	15,294	213	11
2,808	000000	-2,516	-1,510	-3,194	15,292	224	11
2,793	000000	-2,497	-1,491	-3,176	15,295	208	10
2,772	000000	-2,479	-1,472	-3,157	15,293	206	10
2,755	000000	-2,460	-1,453	-3,139	15,295	222	11
2,732	000000	-2,435	-1,429	-3,114	15,297	207	10
2,707	000000	-2,417	-1,411	-3,095	15,290	205	10
2,694	000000	-2,398	-1,391	-3,077	15,296	205	10
2,675	000000	-2,380	-1,374	-3,059	15,294	207	10
2,660	000000	-2,362	-1,354	-3,040	15,298	206	10
2,635	000000	-2,343	-1,336	-3,021	15,292	224	11
2,614	000000	-2,318	-1,311	-2,996	15,296	220	11
2,597	000000	-2,300	-1,293	-2,978	15,297	205	10
2,581	000000	-2,281	-1,274	-2,959	15,300	224	11
2,558	000000	-2,263	-1,255	-2,941	15,296	218	11
2,542	000000	-2,244	-1,237	-2,922	15,298	224	11
2,521	000000	-2,225	-1,218	-2,903	15,295	222	11
2,501	000000	-2,201	-1,193	-2,879	15,301	218	11
2,485	000000	-2,182	-1,174	-2,860	15,303	218	11
2,464	000000	-2,163	-1,155	-2,841	15,300	207	10
2,452	000000	-2,145	-1,136	-2,823	15,308	222	11
2,427	000000	-2,126	-1,118	-2,804	15,301	212	11
2,414	000000	-2,108	-1,099	-2,785	15,306	211	11
2,392	000000	-2,089	-1,080	-2,767	15,303	212	11
2,369	000000	-2,064	-1,055	-2,741	15,305	211	11
2,354	000000	-2,045	-1,036	-2,723	15,308	207	11
2,334	000000	-2,027	-1,018	-2,705	15,307	220	11
2,317	000000	-2,008	-1,000	-2,686	15,308	220	11
2,299	000000	-1,990	-0,981	-2,668	15,309	204	11
2,277	000000	-1,971	-0,963	-2,649	15,305	223	11
2,251	000000	-1,947	-0,938	-2,624	15,305	212	11
2,236	000000	-1,928	-0,920	-2,606	15,307	212	12
2,214	000000	-1,910	-0,901	-2,587	15,304	204	11
2,199	000000	-1,891	-0,882	-2,569	15,308	204	11
2,180	000000	-1,872	-0,863	-2,550	15,307	221	12
2,165	000000	-1,854	-0,845	-2,532	15,311	222	11
2,138	000000	-1,829	-0,820	-2,507	15,309	212	12
2,121	000000	-1,811	-0,802	-2,489	15,310	212	12
2,104	000000	-1,793	-0,783	-2,470	15,312	216	11
2,085	000000	-1,774	-0,765	-2,451	15,311	209	11
2,067	000000	-1,755	-0,746	-2,433	15,312	215	11
2,047	000000	-1,737	-0,728	-2,414	15,310	210	11
2,023	000000	-1,712	-0,703	-2,390	15,311	205	10
2,003	000000	-1,693	-0,684	-2,371	15,309	221	11
1,987	000000	-1,674	-0,665	-2,352	15,312	206	10
1,967	000000	-1,656	-0,646	-2,333	15,311	216	11
1,951	000000	-1,638	-0,628	-2,315	15,313	216	11
1,930	000000	-1,619	-0,609	-2,296	15,311	217	11
1,907	000000	-1,594	-0,585	-2,272	15,312	212	11
1,889	000000	-1,576	-0,566	-2,253	15,313	221	12
1,871	000000	-1,557	-0,547	-2,234	15,314	206	10
1,851	000000	-1,538	-0,528	-2,215	15,313	220	11
1,833	000000	-1,520	-0,510	-2,197	15,313	216	11
1,816	000000	-1,501	-0,491	-2,178	15,315	217	11
1,792	000000	-1,476	-0,466	-2,153	15,315	216	11
1,772	000000	-1,457	-0,448	-2,135	15,315	213	11
1,754	000000	-1,439	-0,429	-2,116	15,315	215	11
1,735	000000	-1,421	-0,410	-2,098	15,315	223	11
1,716	000000	-1,402	-0,391	-2,079	15,314	207	11
1,699	000000	-1,383	-0,373	-2,060	15,316	224	11
1,679	000000	-1,365	-0,354	-2,041	15,314	216	11
1,654	000000	-1,340	-0,329	-2,017	15,314	216	11
1,637	000000	-1,322	-0,311	-1,998	15,316	205	10
1,619	000000	-1,302	-0,292	-1,980	15,317	224	11
1,602	000000	-1,284	-0,273	-1,961	15,318	219	11
1,582	000000	-1,265	-0,255	-1,942	15,317	224	11
1,564	000000	-1,247	-0,236	-1,924	15,317	224	11
1,542	000000	-1,222	-0,211	-1,899	15,319	205	10
1,521	000000	-1,204	-0,193	-1,881	15,317	207	10
1,505	000000	-1,185	-0,174	-1,862	15,320	212	11
1,486	000000	-1,166	-0,156	-1,844	15,320	216	11
1,466	000000	-1,148	-0,137	-1,825	15,318	209	11
1,450	000000	-1,129	-0,118	-1,806	15,321	223	11
1,426	000000	-1,104	-0,094	-1,782	15,322	221	11
1,404	000000	-1,086	-0,075	-1,763	15,318	218	11
1,387	000000	-1,067	-0,057	-1,745	15,320	206	10
1,371	000000	-1,048	-0,038	-1,726	15,322	206	10
1,350	000000	-1,030	-0,019	-1,707	15,320	205	10
1,333	000000	-1,011	-0,001	-1,689	15,321	217	11
1,309	000000	-0,986	0,024	-1,664	15,322	207	10
1,290	000000	-0,968	0,043	-1,645	15,322	206	10
1,270	000000	-0,950	0,061	-1,627	15,321	220	11
1,254	000000	-0,931	0,080	-1,608	15,323	215	11
1,236	000000	-0,912	0,099	-1,589	15,324	205	11
1,218	000000	-0,893	0,118	-1,570	15,324	205	10
1,193	000000	-0,869	0,143	-1,545	15,324	205	10
1,176	000000	-0,850	0,162	-1,527	15,325	205	10
1,152	000000	-0,831	0,180	-1,508	15,321	216	11
1,138	000000	-0,813	0,199	-1,490	15,326	216	11
1,119	000000	-0,794	0,217	-1,471	15,324	211	11
1,102	000000	-0,776	0,236	-1,453	15,326	206	12
1,077	000000	-0,751	0,261	-1,427	15,326	219	12
1,059	000000	-0,732	0,280	-1,409	15,327	223	12
1,040	000000	-0,713	0,298	-1,390	15,327	212	11
1,021	000000	-0,695	0,317	-1,372	15,326	220	13
1,005	000000	-0,676	0,336	-1,353	15,329	221	11
0,986	000000	-0,658	0,354	-1,334	15,329	223	12
0,967	000000	-0,639	0,373	-1,316	15,328	217	11
0,941	000000	-0,614	0,398	-1,291	15,327	211	11
0,923	000000	-0,596	0,416	-1,273	15,327	214	11
0,904	000000	-0,577	0,435	-1,254	15,327	216	11
0,887	000000	-0,559	0,454	-1,235	15,329	205	11
0,868	000000	-0,540	0,472	-1,217	15,328	205	10
0,845	000000	-0,522	0,491	-1,198	15,324	205	10
0,820	000000	-0,497	0,516	-1,173	15,323	212	11
0,800	000000	-0,478	0,534	-1,154	15,322	213	15
0,784	000000	-0,460	0,553	-1,136	15,324	212	13
0,766	000000	-0,441	0,572	-1,117	15,326	221	11
0,748	000000	-0,422	0,590	-1,098	15,326	219	11
0,732	000000	-0,404	0,609	-1,080	15,328	219	11
0,706	000000	-0,379	0,634	-1,055	15,327	223	12
0,688	000000	-0,360	0,653	-1,036	15,328	212	10
0,667	000000	-0,342	0,671	-1,017	15,326	218	11
0,647	000000	-0,323	0,690	-0,998	15,324	213	11
0,630	000000	-0,304	0,709	-0,980	15,326	206	10
0,612	000000	-0,285	0,728	-0,961	15,327	217	11
0,587	000000	-0,260	0,753	-0,936	15,326	220	11
0,568	000000	-0,242	0,771	-0,917	15,326	217	12
0,545	000000	-0,223	0,789	-0,899	15,322	213	11
0,531	000000	-0,204	0,809	-0,880	15,327	213	11
0,511	000000	-0,186	0,827	-0,861	15,325	217	11
0,496	000000	-0,167	0,846	-0,842	15,329	224	11
0,469	000000	-0,142	0,871	-0,818	15,326	221	11
0,449	000000	-0,124	0,889	-0,799	15,325	221	11
0,431	000000	-0,105	0,908	-0,780	15,326	220	11
0,419	000000	-0,086	0,928	-0,762	15,333	206	10
0,395	000000	-0,068	0,946	-0,743	15,328	223	11
0,382	000000	-0,049	0,965	-0,725	15,333	222	11
0,349	000000	-0,024	0,989	-0,699	15,325	218	11
0,332	000000	-0,006	1,008	-0,681	15,327	206	10
0,314	000000	0,013	1,026	-0,662	15,327	223	11
0,301	000000	0,032	1,046	-0,644	15,332	222	11
0,280	000000	0,050	1,064	-0,625	15,330	207	10
0,266	000000	0,069	1,082	-0,607	15,335	222	11
0,241	000000	0,087	1,101	-0,588	15,328	221	11
0,216	000000	0,112	1,126	-0,563	15,328	218	11
0,198	000000	0,130	1,144	-0,545	15,328	223	11
0,188	000000	0,149	1,163	-0,526	15,336	223	11
0,168	000000	0,167	1,182	-0,508	15,335	211	10
0,144	000000	0,186	1,201	-0,488	15,330	204	10
0,124	000000	0,205	1,219	-0,470	15,329	206	10
0,100	000000	0,230	1,244	-0,445	15,330	205	10
0,087	000000	0,249	1,263	-0,426	15,336	212	12
0,067	000000	0,267	1,282	-0,408	15,334	215	11
0,052	000000	0,286	1,301	-0,389	15,338	205	10
0,035	000000	0,305	1,320	-0,370	15,340	219	11
0,016	000000	0,323	1,338	-0,352	15,340	222	11
-0,010	000000	0,348	1,363	-0,327	15,338	216	11
-0,028	000000	0,367	1,382	-0,308	15,339	215	11
-0,051	000000	0,386	1,401	-0,289	15,335	211	11
-0,065	000000	0,404	1,420	-0,270	15,339	222	11
-0,082	000000	0,423	1,438	-0,252	15,341	222	12
-0,105	000000	0,442	1,457	-0,233	15,337	215	12
-0,128	000000	0,467	1,482	-0,208	15,339	214	11
-0,147	000000	0,486	1,501	-0,189	15,339	215	11
-0,166	000000	0,505	1,520	-0,170	15,338	215	11
-0,185	000000	0,523	1,539	-0,151	15,338	214	11
-0,202	000000	0,542	1,557	-0,133	15,340	210	11
-0,218	000000	0,560	1,576	-0,114	15,343	218	11
-0,246	000000	0,585	1,601	-0,089	15,339	221	12
-0,263	000000	0,604	1,619	-0,071	15,340	215	11
-0,281	000000	0,622	1,638	-0,052	15,341	216	11
-0,299	000000	0,641	1,657	-0,034	15,341	216	11
-0,318	000000	0,660	1,675	-0,015	15,342	216	11
-0,336	000000	0,678	1,694	0,004	15,342	216	11
-0,360	000000	0,703	1,719	0,028	15,342	209	11
-0,380	000000	0,721	1,737	0,047	15,341	205	10
-0,398	000000	0,739	1,756	0,065	15,342	206	10
-0,415	000000	0,758	1,774	0,084	15,343	223	11
-0,435	000000	0,776	1,793	0,102	15,342	216	12
-0,453	000000	0,795	1,811	0,121	15,342	216	12
-0,471	000000	0,813	1,830	0,139	15,342	217	11
-0,493	000000	0,838	1,855	0,164	15,345	214	11
-0,514	000000	0,857	1,873	0,183	15,344	213	12
-0,532	000000	0,876	1,892	0,201	15,344	224	11
-0,552	000000	0,894	1,910	0,220	15,342	223	12
-0,570	000000	0,913	1,929	0,239	15,343	204	11
-0,586	000000	0,931	1,947	0,257	15,345	207	10
-0,612	000000	0,956	1,972	0,281	15,344	216	11
-0,630	000000	0,974	1,991	0,300	15,344	217	11
-0,648	000000	0,993	2,009	0,319	15,344	213	11
-0,668	000000	1,011	2,028	0,337	15,343	223	11
-0,687	000000	1,030	2,046	0,356	15,343	207	10
-0,722	000000	1,049	2,063	0,375	15,326	204	10
-0,747	000000	1,074	2,088	0,400	15,327	217	11
-0,766	000000	1,092	2,107	0,418	15,326	205	10
-0,779	000000	1,111	2,126	0,437	15,331	206	10
-0,802	000000	1,129	2,144	0,455	15,327	205	10
-0,823	000000	1,148	2,163	0,474	15,325	217	11
-0,834	000000	1,166	2,182	0,492	15,332	205	10
-0,858	000000	1,191	2,206	0,517	15,332	220	11
-0,875	000000	1,209	2,224	0,535	15,333	223	11
-0,894	000000	1,228	2,243	0,554	15,334	205	10
-0,912	000000	1,246	2,262	0,572	15,334	205	10
-0,931	000000	1,265	2,280	0,591	15,334	221	11
-0,955	000000	1,283	2,298	0,609	15,328	206	10
-0,974	000000	1,308	2,324	0,634	15,334	223	11
-0,994	000000	1,326	2,342	0,653	15,333	221	11
-1,016	000000	1,345	2,360	0,671	15,329	219	11
-1,032	000000	1,363	2,379	0,690	15,331	216	11
-1,051	000000	1,382	2,398	0,708	15,331	205	11
-1,067	000000	1,400	2,416	0,727	15,333	213	14
-1,083	000000	1,419	2,435	0,745	15,336	215	11
-1,110	000000	1,444	2,459	0,770	15,333	223	12
-1,126	000000	1,462	2,478	0,788	15,336	216	11
-1,144	000000	1,481	2,497	0,807	15,336	216	11
-1,165	000000	1,500	2,516	0,826	15,334	214	11
-1,181	000000	1,518	2,534	0,845	15,337	215	11
-1,201	000000	1,536	2,553	0,863	15,335	222	12
-1,225	000000	1,561	2,578	0,888	15,336	204	11
-1,244	000000	1,580	2,596	0,907	15,336	205	11
-1,260	000000	1,599	2,615	0,926	15,339	215	11
-1,279	000000	1,617	2,634	0,944	15,338	216	11
-1,300	000000	1,636	2,653	0,963	15,336	216	11
-1,320	000000	1,655	2,671	0,982	15,335	214	10
-1,343	000000	1,680	2,697	1,007	15,337	212	11
-1,360	000000	1,699	2,716	1,026	15,339	204	10
-1,379	000000	1,717	2,734	1,045	15,338	204	10
-1,397	000000	1,736	2,753	1,063	15,339	204	10
-1,417	000000	1,754	2,771	1,081	15,338	223	12
-1,434	000000	1,773	2,790	1,100	15,340	214	12
-1,459	000000	1,798	2,815	1,125	15,339	205	11
-1,477	000000	1,816	2,833	1,143	15,339	212	11
-1,496	000000	1,835	2,852	1,162	15,339	215	11
-1,514	000000	1,854	2,871	1,181	15,340	218	11
-1,531	000000	1,872	2,890	1,200	15,341	219	11
-1,550	000000	1,891	2,909	1,219	15,341	223	11
-1,574	000000	1,916	2,933	1,243	15,341	205	10
-1,592	000000	1,934	2,952	1,262	15,342	204	10
-1,609	000000	1,953	2,971	1,280	15,344	205	10
-1,629	000000	1,971	2,989	1,299	15,343	219	12
-1,649	000000	1,991	3,008	1,318	15,342	215	11
-1,666	000000	2,009	3,027	1,336	15,343	217	12
-1,691	000000	2,034	3,052	1,361	15,343	214	11
-1,707	000000	2,051	3,071	1,380	15,344	220	12
-1,727	000000	2,070	3,089	1,399	15,342	223	12
-1,746	000000	2,089	3,109	1,418	15,342	205	11
-1,765	000000	2,107	3,127	1,437	15,342	224	12
-1,780	000000	2,126	3,146	1,455	15,345	216	11
-1,802	000000	2,144	3,164	1,474	15,342	217	11
-1,825	000000	2,169	3,189	1,499	15,344	217	11
-1,844	000000	2,187	3,208	1,517	15,343	209	10
-1,860	000000	2,206	3,226	1,535	15,346	223	11
-1,878	000000	2,224	3,245	1,554	15,346	206	10
-1,901	000000	2,243	3,263	1,573	15,343	205	11
-1,916	000000	2,262	3,282	1,592	15,345	205	10
-1,942	000000	2,287	3,307	1,616	15,345	205	10
-1,960	000000	2,306	3,326	1,635	15,345	206	10
-1,979	000000	2,323	3,344	1,653	15,345	205	10
-1,998	000000	2,342	3,363	1,672	15,345	207	10
-2,014	000000	2,361	3,381	1,690	15,347	222	11
-2,033	000000	2,379	3,400	1,709	15,346	206	10
-2,055	000000	2,403	3,424	1,733	15,348	204	10
-2,077	000000	2,422	3,443	1,752	15,345	224	11
-2,094	000000	2,440	3,462	1,771	15,346	221	11
-2,113	000000	2,459	3,480	1,789	15,346	222	11
-2,129	000000	2,478	3,499	1,808	15,348	222	11
-2,147	000000	2,496	3,517	1,826	15,349	205	10
-2,174	000000	2,521	3,542	1,851	15,347	207	10
-2,193	000000	2,539	3,560	1,869	15,347	206	10
-2,209	000000	2,558	3,579	1,888	15,349	204	10
-2,229	000000	2,576	3,597	1,906	15,347	221	11
-2,245	000000	2,594	3,616	1,924	15,349	223	11
-2,265	000000	2,613	3,634	1,943	15,347	224	11
-2,289	000000	2,638	3,659	1,968	15,349	216	11
-2,309	000000	2,656	3,677	1,987	15,347	205	10
-2,327	000000	2,675	3,696	2,005	15,347	206	11
-2,344	000000	2,693	3,715	2,023	15,350	216	11
-2,364	000000	2,712	3,733	2,042	15,348	216	11
-2,364	000000	2,730	3,752	2,059	15,366	214	11
-2,389	000000	2,755	3,776	2,083	15,366	220	12
-2,406	000000	2,773	3,795	2,102	15,367	223	12
-2,424	000000	2,791	3,813	2,120	15,367	222	11
-2,440	000000	2,810	3,832	2,139	15,369	216	11
-2,462	000000	2,828	3,850	2,157	15,366	215	11
-2,476	000000	2,847	3,869	2,175	15,371	215	11
-2,496	000000	2,865	3,887	2,194	15,369	213	12
-2,521	000000	2,890	3,912	2,218	15,369	214	11
-2,537	000000	2,908	3,930	2,237	15,371	220	12
-2,558	000000	2,927	3,949	2,256	15,369	205	10
-2,576	000000	2,945	3,967	2,274	15,370	215	11
-2,594	000000	2,964	3,987	2,293	15,370	216	11
-2,611	000000	2,983	4,005	2,312	15,372	217	12
-2,638	000000	3,008	4,030	2,337	15,370	217	11
-2,655	000000	3,026	4,049	2,355	15,371	215	11
-2,674	000000	3,045	4,067	2,374	15,371	211	11
-2,691	000000	3,064	4,086	2,393	15,372	206	10
-2,711	000000	3,082	4,105	2,411	15,371	210	14
-2,725	000000	3,101	4,124	2,430	15,376	217	13
-2,750	000000	3,126	4,148	2,454	15,376	216	11
-2,770	000000	3,144	4,167	2,473	15,375	205	10
-2,787	000000	3,163	4,186	2,492	15,376	217	11
-2,809	000000	3,181	4,204	2,511	15,372	215	11
-2,825	000000	3,200	4,223	2,529	15,375	213	12
-2,844	000000	3,218	4,242	2,548	15,374	222	12
-2,868	000000	3,243	4,266	2,572	15,375	204	10
-2,885	000000	3,262	4,285	2,591	15,377	207	11
-2,906	000000	3,281	4,304	2,610	15,375	205	10
-2,924	000000	3,299	4,322	2,628	15,376	205	10
-2,937	000000	3,317	4,341	2,646	15,380	205	10
-2,960	000000	3,336	4,359	2,665	15,376	221	12
-2,984	000000	3,360	4,384	2,690	15,377	216	11
-3,000	000000	3,379	4,402	2,708	15,379	217	11
-3,022	000000	3,398	4,421	2,727	15,375	212	11
-3,035	000000	3,416	4,440	2,745	15,381	220	12
-3,056	000000	3,434	4,458	2,763	15,378	222	11
-3,077	000000	3,453	4,476	2,782	15,375	205	10
-3,096	000000	3,477	4,501	2,806	15,382	206	10
-3,112	000000	3,495	4,520	2,825	15,383	205	10
-3,133	000000	3,514	4,538	2,843	15,381	206	10
-3,153	000000	3,532	4,556	2,862	15,379	205	10
-3,170	000000	3,551	4,575	2,880	15,381	205	10
-3,185	000000	3,569	4,594	2,899	15,385	217	11
-3,208	000000	3,588	4,612	2,918	15,380	211	11
-3,237	000000	3,612	4,636	2,942	15,376	221	11
-3,245	000000	3,631	4,656	2,960	15,386	205	10
-3,273	000000	3,650	4,674	2,979	15,377	207	10
-3,281	000000	3,668	4,693	2,998	15,387	207	10
-3,307	000000	3,686	4,711	3,016	15,380	205	10
-3,320	000000	3,705	4,729	3,034	15,385	204	10
-3,351	000000	3,730	4,754	3,059	15,378	207	10
-3,360	000000	3,748	4,773	3,078	15,388	205	10
-3,387	000000	3,767	4,791	3,097	15,379	221	11
-3,397	000000	3,785	4,810	3,115	15,388	206	10
-3,421	000000	3,804	4,828	3,134	15,382	211	11
-3,439	000000	3,822	4,847	3,152	15,383	221	11
-3,463	000000	3,847	4,872	3,177	15,384	221	12
-3,488	000000	3,865	4,890	3,196	15,377	205	10
-3,499	000000	3,884	4,909	3,214	15,385	215	11
-3,519	000000	3,902	4,927	3,232	15,383	215	12
-3,536	000000	3,921	4,946	3,251	15,384	211	11
-3,554	000000	3,939	4,964	3,269	15,385	209	11
-3,579	000000	3,964	4,989	3,294	15,385	219	11
-3,599	000000	3,982	5,007	3,313	15,383	223	12
-3,614	000000	4,001	5,026	3,331	15,387	223	13
-3,636	000000	4,019	5,045	3,350	15,383	216	11
-3,651	000000	4,038	5,063	3,368	15,387	215	11
-3,671	000000	4,056	5,082	3,387	15,386	212	11
-3,696	000000	4,081	5,107	3,412	15,385	212	11
-3,713	000000	4,100	5,125	3,430	15,386	221	11
-3,731	000000	4,118	5,144	3,449	15,388	205	10
-3,749	000000	4,137	5,163	3,467	15,388	205	10
-3,767	000000	4,155	5,181	3,486	15,388	205	10
-3,786	000000	4,174	5,199	3,504	15,388	216	12
-3,813	000000	4,198	5,224	3,529	15,385	215	12
-3,826	000000	4,217	5,243	3,547	15,391	216	12
-3,848	000000	4,236	5,262	3,566	15,388	215	11
-3,865	000000	4,254	5,280	3,585	15,389	208	11
-3,885	000000	4,273	5,299	3,603	15,388	222	11
-3,900	000000	4,291	5,318	3,622	15,391	205	10
-3,922	000000	4,309	5,336	3,640	15,388	218	11
-3,944	000000	4,334	5,360	3,665	15,390	214	11
-3,962	000000	4,353	5,379	3,683	15,391	216	12
-3,982	000000	4,371	5,397	3,702	15,390	217	11
-4,002	000000	4,390	5,416	3,720	15,388	210	11
-4,018	000000	4,408	5,435	3,739	15,390	218	12
-4,037	000000	4,427	5,453	3,758	15,390	222	11
-4,063	000000	4,452	5,478	3,783	15,389	205	10
-4,078	000000	4,471	5,497	3,801	15,393	206	10
-4,097	000000	4,489	5,516	3,820	15,392	206	10
-4,116	000000	4,508	5,534	3,838	15,392	216	12
-4,137	000000	4,527	5,553	3,857	15,390	216	11
-4,152	000000	4,545	5,572	3,876	15,394	216	11
-4,177	000000	4,571	5,597	3,901	15,393	214	11
-4,195	000000	4,589	5,616	3,920	15,394	218	12
-4,217	000000	4,608	5,635	3,939	15,392	206	10
-4,233	000000	4,627	5,654	3,958	15,394	215	11
-4,248	000000	4,646	5,673	3,977	15,397	206	10
-4,274	000000	4,665	5,691	3,996	15,391	205	10
-4,299	000000	4,690	5,716	4,021	15,391	217	11
-4,312	000000	4,709	5,736	4,039	15,397	224	11
-4,334	000000	4,727	5,754	4,058	15,393	222	11
-4,349	000000	4,746	5,773	4,077	15,397	207	10
-4,368	000000	4,764	5,792	4,095	15,396	218	11
-4,386	000000	4,783	5,810	4,114	15,397	205	10
-4,412	000000	4,808	5,836	4,139	15,396	206	10
-4,427	000000	4,826	5,854	4,158	15,399	205	10
-4,448	000000	4,845	5,873	4,177	15,397	206	10
-4,467	000000	4,864	5,892	4,196	15,397	205	10
-4,491	000000	4,883	5,910	4,214	15,392	207	10
-4,502	000000	4,901	5,929	4,232	15,399	206	10
-4,529	000000	4,926	5,954	4,257	15,397	205	10
-4,547	000000	4,944	5,972	4,276	15,398	207	10
-4,565	000000	4,963	5,991	4,295	15,398	209	11
-4,587	000000	4,982	6,010	4,314	15,395	218	11
-4,600	000000	5,000	6,028	4,332	15,400	223	12
-4,618	000000	5,019	6,047	4,350	15,401	206	10
-4,638	000000	5,038	6,066	4,369	15,400	218	11
-4,663	000000	5,063	6,091	4,395	15,401	216	11
-4,679	000000	5,082	6,110	4,413	15,402	216	11
-4,699	000000	5,100	6,128	4,431	15,401	223	12
-4,716	000000	5,118	6,147	4,450	15,403	210	11
-4,737	000000	5,137	6,165	4,469	15,400	221	13
-4,753	000000	5,156	6,184	4,487	15,403	222	12
-4,778	000000	5,180	6,209	4,512	15,403	222	11
-4,799	000000	5,199	6,228	4,531	15,400	222	11
-4,815	000000	5,218	6,247	4,550	15,403	205	10
-4,837	000000	5,237	6,265	4,569	15,399	217	12
-4,853	000000	5,255	6,284	4,587	15,403	215	11
-4,875	000000	5,274	6,303	4,606	15,399	214	11
-4,895	000000	5,298	6,327	4,630	15,403	215	11
-4,912	000000	5,317	6,346	4,649	15,405	205	11
-4,932	000000	5,336	6,365	4,668	15,403	205	10
-4,951	000000	5,354	6,383	4,686	15,403	206	10
-4,970	000000	5,372	6,402	4,705	15,403	217	11
-4,990	000000	5,391	6,420	4,723	15,401	215	11
-5,012	000000	5,415	6,445	4,748	15,403	216	11
-5,031	000000	5,434	6,464	4,767	15,404	212	11
-5,051	000000	5,453	6,482	4,785	15,401	208	11
-5,067	000000	5,472	6,501	4,804	15,405	215	11
-5,089	000000	5,490	6,519	4,823	15,401	223	12
-5,104	000000	5,509	6,538	4,841	15,405	217	11
-5,128	000000	5,533	6,563	4,866	15,405	216	11
-5,145	000000	5,552	6,582	4,884	15,407	216	11
-5,161	000000	5,570	6,600	4,903	15,409	215	11
-5,181	000000	5,589	6,619	4,921	15,408	213	12
-5,200	000000	5,607	6,638	4,940	15,408	213	12
-5,217	000000	5,626	6,656	4,958	15,408	205	10
