#XPS-spectrum

#Date/time: 	2018-12-14__19-46-44


#AK pressure: 	3,30E-8 	mbar
#Pass energy: 	15.0 	eV
#Volt. bias: 	-15.0 	V
#Volt. lens: 	-15.0 	V
#Counttime: 	200.0 	ms
#Vor: 	16.0 	V
#Nach: 	5.0 	V
#slope: 	0.613 	V/s
#offset: 	-48.850 	V


#Slope: 	0.0 	mV/s
#Counttime: 	200.0 	ms




#E_k 	 cps 	 Analyser 	 V_hemi 	 V_hemo 	 E_Pass 	 t_meas


1654.19	000350	-1596.24	-1607.04	072.96
1653.46	000386	-1595.50	-1606.30	072.96
1652.80	000350	-1594.84	-1605.64	072.96
1652.10	000332	-1594.15	-1604.95	072.96
1651.32	000318	-1593.37	-1604.17	072.96
1650.42	000295	-1592.47	-1603.27	072.96
1649.44	000291	-1591.49	-1602.29	072.96
1648.45	000345	-1590.49	-1601.29	072.96
1647.51	000323	-1589.56	-1600.36	072.96
1646.63	000423	-1588.67	-1599.47	072.96
1645.74	000336	-1587.79	-1598.59	072.96
1644.81	000341	-1586.86	-1597.66	072.96
1643.86	000268	-1585.90	-1596.70	072.96
1642.92	000314	-1584.96	-1595.76	072.96
1641.98	000268	-1584.02	-1594.82	072.96
1640.99	000300	-1583.03	-1593.83	072.96
1640.00	000386	-1582.04	-1592.84	072.96
1639.03	000382	-1581.07	-1591.87	072.96
1638.09	000323	-1580.13	-1590.93	072.96
1637.14	000359	-1579.18	-1589.98	072.96
1636.16	000382	-1578.20	-1589.00	072.96
1635.20	000341	-1577.25	-1588.05	072.96
1634.23	000336	-1576.28	-1587.08	072.96
1633.28	000368	-1575.32	-1586.12	072.96
1632.24	000368	-1574.29	-1585.09	072.96
1631.24	000373	-1573.29	-1584.09	072.96
1630.26	000355	-1572.30	-1583.10	072.96
1629.33	000377	-1571.38	-1582.18	072.96
1628.39	000391	-1570.43	-1581.23	072.96
1627.46	000341	-1569.50	-1580.30	072.96
1626.55	000323	-1568.59	-1579.39	072.96
1625.66	000364	-1567.70	-1578.50	072.96
1624.76	000386	-1566.80	-1577.60	072.96
1623.81	000377	-1565.85	-1576.65	072.96
1622.87	000368	-1564.92	-1575.72	072.96
1621.97	000364	-1564.02	-1574.82	072.96
1621.12	000314	-1563.16	-1573.96	072.96
1620.24	000345	-1562.29	-1573.09	072.96
1619.36	000305	-1561.41	-1572.21	072.96
1618.50	000314	-1560.54	-1571.34	072.96
1617.67	000395	-1559.72	-1570.52	072.96
1616.80	000405	-1558.84	-1569.64	072.96
1615.87	000350	-1557.91	-1568.71	072.96
1614.95	000377	-1557.00	-1567.80	072.96
1614.06	000286	-1556.11	-1566.91	072.96
1613.24	000386	-1555.29	-1566.09	072.96
1612.38	000336	-1554.42	-1565.22	072.96
1611.52	000327	-1553.56	-1564.36	072.96
1610.66	000368	-1552.71	-1563.51	072.96
1609.82	000332	-1551.87	-1562.67	072.96
1608.97	000364	-1551.01	-1561.81	072.96
1608.06	000418	-1550.10	-1560.90	072.96
1607.18	000368	-1549.22	-1560.02	072.96
1606.32	000318	-1548.36	-1559.16	072.96
1605.49	000368	-1547.54	-1558.34	072.96
1604.65	000395	-1546.70	-1557.50	072.96
1603.79	000332	-1545.83	-1556.63	072.96
1602.95	000355	-1545.00	-1555.80	072.96
1602.12	000382	-1544.16	-1554.96	072.96
1601.24	000391	-1543.28	-1554.08	072.96
1600.36	000455	-1542.41	-1553.21	072.96
1599.46	000341	-1541.51	-1552.31	072.96
1598.60	000355	-1540.64	-1551.44	072.96
1597.76	000350	-1539.81	-1550.61	072.96
1596.88	000373	-1538.93	-1549.73	072.96
1596.04	000427	-1538.08	-1548.88	072.96
1595.21	000336	-1537.25	-1548.05	072.96
1594.35	000305	-1536.39	-1547.19	072.96
1593.46	000373	-1535.51	-1546.31	072.96
1592.57	000427	-1534.62	-1545.42	072.96
1591.68	000427	-1533.72	-1544.52	072.96
1590.84	000309	-1532.88	-1543.68	072.96
1590.01	000423	-1532.05	-1542.85	072.96
1589.14	000336	-1531.18	-1541.98	072.96
1588.29	000386	-1530.33	-1541.13	072.96
1587.46	000382	-1529.51	-1540.31	072.96
1586.60	000377	-1528.65	-1539.45	072.96
1585.69	000364	-1527.73	-1538.53	072.96
1584.79	000395	-1526.84	-1537.64	072.96
1583.89	000445	-1525.94	-1536.74	072.96
1583.01	000386	-1525.06	-1535.86	072.96
1582.17	000377	-1524.22	-1535.02	072.96
1581.30	000368	-1523.35	-1534.15	072.96
1580.42	000395	-1522.46	-1533.26	072.96
1579.57	000423	-1521.62	-1532.42	072.96
1578.74	000455	-1520.79	-1531.59	072.96
1577.84	000445	-1519.88	-1530.68	072.96
1576.90	000364	-1518.94	-1529.74	072.96
1576.02	000400	-1518.06	-1528.86	072.96
1575.17	000386	-1517.22	-1528.02	072.96
1574.33	000459	-1516.38	-1527.18	072.96
1573.44	000409	-1515.48	-1526.28	072.96
1572.57	000350	-1514.61	-1525.41	072.96
1571.75	000486	-1513.79	-1524.59	072.96
1570.92	000436	-1512.96	-1523.76	072.96
1569.99	000432	-1512.04	-1522.84	072.96
1569.06	000432	-1511.11	-1521.91	072.96
1568.21	000418	-1510.25	-1521.05	072.96
1567.40	000432	-1509.45	-1520.25	072.96
1566.54	000450	-1508.58	-1519.38	072.96
1565.63	000573	-1507.67	-1518.47	072.96
1564.77	000523	-1506.81	-1517.61	072.96
1563.95	000427	-1505.99	-1516.79	072.96
1563.11	000450	-1505.15	-1515.95	072.96
1562.18	000427	-1504.23	-1515.03	072.96
1561.24	000505	-1503.28	-1514.08	072.96
1560.36	000395	-1502.40	-1513.20	072.96
1559.53	000364	-1501.58	-1512.38	072.96
1558.72	000386	-1500.76	-1511.56	072.96
1557.84	000459	-1499.89	-1510.69	072.96
1556.94	000495	-1498.98	-1509.78	072.96
1556.06	000414	-1498.10	-1508.90	072.96
1555.20	000423	-1497.24	-1508.04	072.96
1554.31	000391	-1496.35	-1507.15	072.96
1553.39	000423	-1495.43	-1506.23	072.96
1552.46	000427	-1494.51	-1505.31	072.96
1551.56	000418	-1493.60	-1504.40	072.96
1550.66	000459	-1492.70	-1503.50	072.96
1549.75	000527	-1491.79	-1502.59	072.96
1548.91	000364	-1490.96	-1501.76	072.96
1548.11	000432	-1490.15	-1500.95	072.96
1547.25	000505	-1489.29	-1500.09	072.96
1546.32	000491	-1488.36	-1499.16	072.96
1545.38	000395	-1487.43	-1498.23	072.96
1544.49	000459	-1486.53	-1497.33	072.96
1543.63	000382	-1485.68	-1496.48	072.96
1542.76	000473	-1484.81	-1495.61	072.96
1541.89	000491	-1483.94	-1494.74	072.96
1541.04	000423	-1483.09	-1493.89	072.96
1540.19	000450	-1482.23	-1493.03	072.96
1539.30	000445	-1481.35	-1492.15	072.96
1538.37	000414	-1480.42	-1491.22	072.96
1537.45	000541	-1479.50	-1490.30	072.96
1536.52	000468	-1478.57	-1489.37	072.96
1535.68	000405	-1477.72	-1488.52	072.96
1534.85	000432	-1476.89	-1487.69	072.96
1533.96	000459	-1476.01	-1486.81	072.96
1533.07	000427	-1475.11	-1485.91	072.96
1532.19	000514	-1474.23	-1485.03	072.96
1531.29	000436	-1473.33	-1484.13	072.96
1530.39	000455	-1472.43	-1483.23	072.96
1529.51	000482	-1471.55	-1482.35	072.96
1528.64	000514	-1470.68	-1481.48	072.96
1527.79	000409	-1469.83	-1480.63	072.96
1526.90	000473	-1468.94	-1479.74	072.96
1526.01	000545	-1468.06	-1478.86	072.96
1525.15	000436	-1467.20	-1478.00	072.96
1524.31	000441	-1466.35	-1477.15	072.96
1523.41	000523	-1465.46	-1476.26	072.96
1522.47	000450	-1464.51	-1475.31	072.96
1521.55	000514	-1463.60	-1474.40	072.96
1520.67	000632	-1462.71	-1473.51	072.96
1519.80	000518	-1461.84	-1472.64	072.96
1518.91	000568	-1460.96	-1471.76	072.96
1518.04	000536	-1460.08	-1470.88	072.96
1517.17	000532	-1459.22	-1470.02	072.96
1516.31	000532	-1458.36	-1469.16	072.96
1515.41	000609	-1457.46	-1468.26	072.96
1514.49	000568	-1456.53	-1467.33	072.96
1513.59	000477	-1455.63	-1466.43	072.96
1512.71	000482	-1454.76	-1465.56	072.96
1511.85	000559	-1453.90	-1464.70	072.96
1510.99	000568	-1453.03	-1463.83	072.96
1510.12	000591	-1452.16	-1462.96	072.96
1509.25	000673	-1451.29	-1462.09	072.96
1508.40	000577	-1450.44	-1461.24	072.96
1507.48	000645	-1449.53	-1460.33	072.96
1506.56	000582	-1448.61	-1459.41	072.96
1505.66	000623	-1447.71	-1458.51	072.96
1504.78	000505	-1446.82	-1457.62	072.96
1503.92	000595	-1445.96	-1456.76	072.96
1503.04	000691	-1445.08	-1455.88	072.96
1502.16	000795	-1444.21	-1455.01	072.96
1501.31	001000	-1443.35	-1454.15	072.96
1500.45	001532	-1442.49	-1453.29	072.96
1499.54	001750	-1441.58	-1452.38	072.96
1498.63	001814	-1440.67	-1451.47	072.96
1497.75	001800	-1439.79	-1450.59	072.96
1496.88	001882	-1438.93	-1449.73	072.96
1496.02	001659	-1438.06	-1448.86	072.96
1495.14	001095	-1437.18	-1447.98	072.96
1494.27	001136	-1436.32	-1447.12	072.96
1493.43	000855	-1435.47	-1446.27	072.96
1492.57	000732	-1434.61	-1445.41	072.96
1491.63	000795	-1433.68	-1444.48	072.96
1490.70	000841	-1432.74	-1443.54	072.96
1489.79	000905	-1431.83	-1442.63	072.96
1488.92	000918	-1430.96	-1441.76	072.96
1488.05	000891	-1430.09	-1440.89	072.96
1487.16	000982	-1429.21	-1440.01	072.96
1486.29	000932	-1428.33	-1439.13	072.96
1485.43	001064	-1427.47	-1438.27	072.96
1484.56	001118	-1426.60	-1437.40	072.96
1483.64	001114	-1425.68	-1436.48	072.96
1482.71	001223	-1424.75	-1435.55	072.96
1481.81	001223	-1423.86	-1434.66	072.96
1480.96	001095	-1423.01	-1433.81	072.96
1480.10	001168	-1422.14	-1432.94	072.96
1479.22	001000	-1421.27	-1432.07	072.96
1478.35	000968	-1420.40	-1431.20	072.96
1477.50	000982	-1419.55	-1430.35	072.96
1476.64	000973	-1418.68	-1429.48	072.96
1475.71	000986	-1417.75	-1428.55	072.96
1474.79	001059	-1416.83	-1427.63	072.96
1473.88	001100	-1415.92	-1426.72	072.96
1473.02	000950	-1415.07	-1425.87	072.96
1472.15	000991	-1414.19	-1424.99	072.96
1471.28	001082	-1413.32	-1424.12	072.96
1470.40	000950	-1412.45	-1423.25	072.96
1469.54	000950	-1411.59	-1422.39	072.96
1468.68	000932	-1410.73	-1421.53	072.96
1467.76	000955	-1409.80	-1420.60	072.96
1466.84	000964	-1408.89	-1419.69	072.96
1465.96	001200	-1408.00	-1418.80	072.96
1465.11	000995	-1407.16	-1417.96	072.96
1464.25	000968	-1406.30	-1417.10	072.96
1463.39	001191	-1405.43	-1416.23	072.96
1462.53	001182	-1404.57	-1415.37	072.96
1461.67	000950	-1403.71	-1414.51	072.96
1460.78	001009	-1402.82	-1413.62	072.96
1459.84	001055	-1401.89	-1412.69	072.96
1458.93	000977	-1400.98	-1411.78	072.96
1458.05	000936	-1400.09	-1410.89	072.96
1457.17	000945	-1399.22	-1410.02	072.96
1456.29	001127	-1398.33	-1409.13	072.96
1455.41	000877	-1397.45	-1408.25	072.96
1454.55	001009	-1396.59	-1407.39	072.96
1453.69	001177	-1395.73	-1406.53	072.96
1452.80	001259	-1394.84	-1405.64	072.96
1451.87	001209	-1393.91	-1404.71	072.96
1450.97	001200	-1393.01	-1403.81	072.96
1450.11	001264	-1392.15	-1402.95	072.96
1449.25	001195	-1391.29	-1402.09	072.96
1448.37	001327	-1390.41	-1401.21	072.96
1447.49	001300	-1389.53	-1400.33	072.96
1446.63	001605	-1388.68	-1399.48	072.96
1445.79	001450	-1387.84	-1398.64	072.96
1444.89	001473	-1386.94	-1397.74	072.96
1443.96	001464	-1386.01	-1396.81	072.96
1443.04	001245	-1385.09	-1395.89	072.96
1442.18	001305	-1384.23	-1395.03	072.96
1441.32	001268	-1383.37	-1394.17	072.96
1440.44	001341	-1382.48	-1393.28	072.96
1439.56	001377	-1381.60	-1392.40	072.96
1438.70	001323	-1380.74	-1391.54	072.96
1437.85	001282	-1379.89	-1390.69	072.96
1436.96	001300	-1379.00	-1389.80	072.96
1436.03	001241	-1378.08	-1388.88	072.96
1435.13	001345	-1377.18	-1387.98	072.96
1434.28	001405	-1376.32	-1387.12	072.96
1433.43	001345	-1375.47	-1386.27	072.96
1432.55	001336	-1374.59	-1385.39	072.96
1431.68	001623	-1373.73	-1384.53	072.96
1430.84	001791	-1372.88	-1383.68	072.96
1429.99	002027	-1372.03	-1382.83	072.96
1429.06	002314	-1371.10	-1381.90	072.96
1428.11	002509	-1370.15	-1380.95	072.96
1427.18	002273	-1369.23	-1380.03	072.96
1426.30	001959	-1368.34	-1379.14	072.96
1425.45	002295	-1367.49	-1378.29	072.96
1424.57	002332	-1366.62	-1377.42	072.96
1423.70	002068	-1365.74	-1376.54	072.96
1422.83	002082	-1364.87	-1375.67	072.96
1421.94	002136	-1363.99	-1374.79	072.96
1421.03	002500	-1363.07	-1373.87	072.96
1420.10	004673	-1362.14	-1372.94	072.96
1419.21	010023	-1361.26	-1372.06	072.96
1418.35	009968	-1360.40	-1371.20	072.96
1417.48	006527	-1359.53	-1370.33	072.96
1416.60	005327	-1358.65	-1369.45	072.96
1415.74	009136	-1357.79	-1368.59	072.96
1414.89	009668	-1356.94	-1367.74	072.96
1414.02	006882	-1356.07	-1366.87	072.96
1413.10	004518	-1355.14	-1365.94	072.96
1412.18	003809	-1354.22	-1365.02	072.96
1411.29	003523	-1353.33	-1364.13	072.96
1410.43	003505	-1352.47	-1363.27	072.96
1409.55	003677	-1351.60	-1362.40	072.96
1408.66	003605	-1350.71	-1361.51	072.96
1407.79	003523	-1349.84	-1360.64	072.96
1406.95	003450	-1348.99	-1359.79	072.96
1406.07	003841	-1348.12	-1358.92	072.96
1405.15	003677	-1347.19	-1357.99	072.96
1404.22	003741	-1346.27	-1357.07	072.96
1403.34	004173	-1345.39	-1356.19	072.96
1402.50	004109	-1344.54	-1355.34	072.96
1401.64	003845	-1343.68	-1354.48	072.96
1400.75	004127	-1342.80	-1353.60	072.96
1399.90	004314	-1341.94	-1352.74	072.96
1399.06	004036	-1341.10	-1351.90	072.96
1398.18	004223	-1340.22	-1351.02	072.96
1397.24	004445	-1339.28	-1350.08	072.96
1396.30	004232	-1338.34	-1349.14	072.96
1395.41	004518	-1337.45	-1348.25	072.96
1394.55	004445	-1336.59	-1347.39	072.96
1393.67	004559	-1335.71	-1346.51	072.96
1392.79	004623	-1334.83	-1345.63	072.96
1391.92	004432	-1333.96	-1344.76	072.96
1391.06	004573	-1333.10	-1343.90	072.96
1390.18	004464	-1332.22	-1343.02	072.96
1389.25	004314	-1331.30	-1342.10	072.96
1388.34	004491	-1330.38	-1341.18	072.96
1387.46	004268	-1329.51	-1340.31	072.96
1386.61	004345	-1328.66	-1339.46	072.96
1385.74	004255	-1327.79	-1338.59	072.96
1384.86	004095	-1326.91	-1337.71	072.96
1384.00	004345	-1326.04	-1336.84	072.96
1383.15	004486	-1325.19	-1335.99	072.96
1382.26	004477	-1324.31	-1335.11	072.96
1381.34	003977	-1323.39	-1334.19	072.96
1380.43	004323	-1322.48	-1333.28	072.96
1379.54	004286	-1321.58	-1332.38	072.96
1378.67	004195	-1320.72	-1331.52	072.96
1377.81	004255	-1319.85	-1330.65	072.96
1376.93	004041	-1318.98	-1329.78	072.96
1376.06	004323	-1318.11	-1328.91	072.96
1375.21	004341	-1317.26	-1328.06	072.96
1374.32	004086	-1316.36	-1327.16	072.96
1373.40	004114	-1315.44	-1326.24	072.96
1372.50	004164	-1314.55	-1325.35	072.96
1371.64	004232	-1313.68	-1324.48	072.96
1370.78	004009	-1312.82	-1323.62	072.96
1369.97	004382	-1312.01	-1322.81	072.96
1369.11	004395	-1311.16	-1321.96	072.96
1368.27	004141	-1310.31	-1321.11	072.96
1367.41	004400	-1309.46	-1320.26	072.96
1366.50	004614	-1308.54	-1319.34	072.96
1365.55	004750	-1307.60	-1318.40	072.96
1364.63	005155	-1306.68	-1317.48	072.96
1363.75	004764	-1305.80	-1316.60	072.96
1362.90	004723	-1304.94	-1315.74	072.96
1362.01	004527	-1304.06	-1314.86	072.96
1361.13	004527	-1303.18	-1313.98	072.96
1360.27	004805	-1302.32	-1313.12	072.96
1359.40	004823	-1301.45	-1312.25	072.96
1358.50	004814	-1300.54	-1311.34	072.96
1357.57	004014	-1299.62	-1310.42	072.96
1356.68	004445	-1298.72	-1309.52	072.96
1355.81	004077	-1297.86	-1308.66	072.96
1354.96	004295	-1297.00	-1307.80	072.96
1354.08	004159	-1296.12	-1306.92	072.96
1353.20	004277	-1295.25	-1306.05	072.96
1352.35	004218	-1294.39	-1305.19	072.96
1351.49	003950	-1293.53	-1304.33	072.96
1350.58	004173	-1292.63	-1303.43	072.96
1349.66	004268	-1291.70	-1302.50	072.96
1348.75	004127	-1290.80	-1301.60	072.96
1347.88	004118	-1289.92	-1300.72	072.96
1347.01	004173	-1289.06	-1299.86	072.96
1346.13	004114	-1288.18	-1298.98	072.96
1345.27	004064	-1287.31	-1298.11	072.96
1344.41	004123	-1286.45	-1297.25	072.96
1343.55	004177	-1285.59	-1296.39	072.96
1342.64	004150	-1284.68	-1295.48	072.96
1341.72	004195	-1283.76	-1294.56	072.96
1340.83	004286	-1282.88	-1293.68	072.96
1339.98	004145	-1282.03	-1292.83	072.96
1339.11	003882	-1281.16	-1291.96	072.96
1338.25	004245	-1280.29	-1291.09	072.96
1337.39	003832	-1279.43	-1290.23	072.96
1336.52	003845	-1278.57	-1289.37	072.96
1335.66	004368	-1277.70	-1288.50	072.96
1334.73	003700	-1276.78	-1287.58	072.96
1333.80	003850	-1275.84	-1286.64	072.96
1332.89	003827	-1274.94	-1285.74	072.96
1332.03	003950	-1274.07	-1284.87	072.96
1331.16	004068	-1273.20	-1284.00	072.96
1330.28	004068	-1272.32	-1283.12	072.96
1329.41	004000	-1271.46	-1282.26	072.96
1328.55	003582	-1270.59	-1281.39	072.96
1327.67	004009	-1269.72	-1280.52	072.96
1326.74	003850	-1268.79	-1279.59	072.96
1325.85	004059	-1267.89	-1278.69	072.96
1324.97	003736	-1267.02	-1277.82	072.96
1324.12	003905	-1266.17	-1276.97	072.96
1323.25	003927	-1265.30	-1276.10	072.96
1322.37	003714	-1264.42	-1275.22	072.96
1321.50	003823	-1263.55	-1274.35	072.96
1320.66	003845	-1262.70	-1273.50	072.96
1319.78	003632	-1261.82	-1272.62	072.96
1318.85	003745	-1260.90	-1271.70	072.96
1317.94	003864	-1259.98	-1270.78	072.96
1317.07	003727	-1259.11	-1269.91	072.96
1316.20	003795	-1258.25	-1269.05	072.96
1315.32	003695	-1257.37	-1268.17	072.96
1314.44	003727	-1256.49	-1267.29	072.96
1313.58	003618	-1255.62	-1266.42	072.96
1312.73	004018	-1254.78	-1265.58	072.96
1311.85	003686	-1253.89	-1264.69	072.96
1310.92	003732	-1252.96	-1263.76	072.96
1310.02	003586	-1252.06	-1262.86	072.96
1309.15	003795	-1251.20	-1262.00	072.96
1308.31	003664	-1250.35	-1261.15	072.96
1307.45	003768	-1249.49	-1260.29	072.96
1306.58	003518	-1248.62	-1259.42	072.96
1305.71	003459	-1247.75	-1258.55	072.96
1304.87	003541	-1246.92	-1257.72	072.96
1303.97	003827	-1246.01	-1256.81	072.96
1303.02	003623	-1245.06	-1255.86	072.96
1302.08	003950	-1244.12	-1254.92	072.96
1301.18	003459	-1243.23	-1254.03	072.96
1300.33	003759	-1242.38	-1253.18	072.96
1299.46	003477	-1241.50	-1252.30	072.96
1298.58	003509	-1240.62	-1251.42	072.96
1297.70	003586	-1239.74	-1250.54	072.96
1296.84	003464	-1238.89	-1249.69	072.96
1295.94	003586	-1237.98	-1248.78	072.96
1295.01	003350	-1237.05	-1247.85	072.96
1294.10	003541	-1236.15	-1246.95	072.96
1293.23	003245	-1235.27	-1246.07	072.96
1292.38	003445	-1234.43	-1245.23	072.96
1291.52	003259	-1233.56	-1244.36	072.96
1290.65	003477	-1232.69	-1243.49	072.96
1289.78	003686	-1231.82	-1242.62	072.96
1288.91	003550	-1230.96	-1241.76	072.96
1288.00	003491	-1230.05	-1240.85	072.96
1287.08	003577	-1229.13	-1239.93	072.96
1286.18	003577	-1228.22	-1239.02	072.96
1285.30	003559	-1227.35	-1238.15	072.96
1284.44	003373	-1226.48	-1237.28	072.96
1283.55	003182	-1225.60	-1236.40	072.96
1282.67	003409	-1224.72	-1235.52	072.96
1281.82	003132	-1223.86	-1234.66	072.96
1280.95	003464	-1222.99	-1233.79	072.96
1280.04	003450	-1222.08	-1232.88	072.96
1279.11	003455	-1221.16	-1231.96	072.96
1278.23	003327	-1220.27	-1231.07	072.96
1277.38	003291	-1219.42	-1230.22	072.96
1276.50	003514	-1218.55	-1229.35	072.96
1275.63	003286	-1217.67	-1228.47	072.96
1274.77	003459	-1216.82	-1227.62	072.96
1273.92	003177	-1215.97	-1226.77	072.96
1273.07	003450	-1215.11	-1225.91	072.96
1272.14	003214	-1214.18	-1224.98	072.96
1271.21	003318	-1213.26	-1224.06	072.96
1270.30	003432	-1212.35	-1223.15	072.96
1269.44	003250	-1211.48	-1222.28	072.96
1268.57	003273	-1210.61	-1221.41	072.96
1267.69	003232	-1209.73	-1220.53	072.96
1266.82	003150	-1208.86	-1219.66	072.96
1265.96	003314	-1208.00	-1218.80	072.96
1265.09	003605	-1207.13	-1217.93	072.96
1264.16	003250	-1206.21	-1217.01	072.96
1263.23	003318	-1205.28	-1216.08	072.96
1262.35	003405	-1204.39	-1215.19	072.96
1261.49	003136	-1203.53	-1214.33	072.96
1260.64	003173	-1202.69	-1213.49	072.96
1259.76	003282	-1201.81	-1212.61	072.96
1258.90	-000006	-1200.94	-1211.74	072.96
1258.04	003245	-1200.08	-1210.88	072.96
1257.16	003255	-1199.21	-1210.01	072.96
1256.24	003436	-1198.28	-1209.08	072.96
1255.33	003214	-1197.37	-1208.17	072.96
1254.43	003023	-1196.47	-1207.27	072.96
1253.56	003218	-1195.61	-1206.41	072.96
1252.70	003332	-1194.74	-1205.54	072.96
1251.81	003050	-1193.85	-1204.65	072.96
1250.94	003109	-1192.98	-1203.78	072.96
1250.08	003159	-1192.13	-1202.93	072.96
1249.22	003241	-1191.26	-1202.06	072.96
1248.30	003309	-1190.34	-1201.14	072.96
1247.40	003150	-1189.44	-1200.24	072.96
1246.51	003032	-1188.56	-1199.36	072.96
1245.66	003227	-1187.70	-1198.50	072.96
1244.79	003359	-1186.84	-1197.64	072.96
1243.93	003182	-1185.97	-1196.77	072.96
1243.08	003145	-1185.12	-1195.92	072.96
1242.23	002986	-1184.27	-1195.07	072.96
1241.33	003200	-1183.38	-1194.18	072.96
1240.39	003091	-1182.44	-1193.24	072.96
1239.47	003268	-1181.51	-1192.31	072.96
1238.57	003191	-1180.61	-1191.41	072.96
1237.71	003055	-1179.76	-1190.56	072.96
1236.84	003141	-1178.88	-1189.68	072.96
1235.95	003127	-1178.00	-1188.80	072.96
1235.09	002964	-1177.14	-1187.94	072.96
1234.23	002868	-1176.27	-1187.07	072.96
1233.32	003077	-1175.37	-1186.17	072.96
1232.40	003086	-1174.44	-1185.24	072.96
1231.50	003191	-1173.54	-1184.34	072.96
1230.63	002977	-1172.68	-1183.48	072.96
1229.78	002882	-1171.82	-1182.62	072.96
1228.90	003041	-1170.94	-1181.74	072.96
1228.01	003150	-1170.06	-1180.86	072.96
1227.15	002909	-1169.19	-1179.99	072.96
1226.30	003145	-1168.34	-1179.14	072.96
1225.40	002805	-1167.45	-1178.25	072.96
1224.48	003195	-1166.52	-1177.32	072.96
1223.57	002882	-1165.62	-1176.42	072.96
1222.69	002941	-1164.74	-1175.54	072.96
1221.84	003109	-1163.88	-1174.68	072.96
1220.96	003105	-1163.00	-1173.80	072.96
1220.08	003250	-1162.13	-1172.93	072.96
1219.21	003191	-1161.26	-1172.06	072.96
1218.36	003545	-1160.40	-1171.20	072.96
1217.46	003727	-1159.50	-1170.30	072.96
1216.55	003423	-1158.59	-1169.39	072.96
1215.64	003205	-1157.69	-1168.49	072.96
1214.77	003000	-1156.81	-1167.61	072.96
1213.93	003132	-1155.97	-1166.77	072.96
1213.05	002841	-1155.10	-1165.90	072.96
1212.19	002900	-1154.24	-1165.04	072.96
1211.33	003041	-1153.38	-1164.18	072.96
1210.48	003027	-1152.52	-1163.32	072.96
1209.57	002909	-1151.62	-1162.42	072.96
1208.64	002795	-1150.68	-1161.48	072.96
1207.73	002927	-1149.77	-1160.57	072.96
1206.85	002895	-1148.89	-1159.69	072.96
1205.98	003136	-1148.03	-1158.83	072.96
1205.11	002945	-1147.15	-1157.95	072.96
1204.24	002964	-1146.28	-1157.08	072.96
1203.37	002791	-1145.42	-1156.22	072.96
1202.49	003045	-1144.53	-1155.33	072.96
1201.57	002905	-1143.62	-1154.42	072.96
1200.67	002877	-1142.71	-1153.51	072.96
1199.78	002982	-1141.82	-1152.62	072.96
1198.91	002977	-1140.95	-1151.75	072.96
1198.06	002914	-1140.10	-1150.90	072.96
1197.19	003000	-1139.23	-1150.03	072.96
1196.32	003109	-1138.36	-1149.16	072.96
1195.47	002850	-1137.51	-1148.31	072.96
1194.59	002845	-1136.64	-1147.44	072.96
1193.67	002841	-1135.72	-1146.52	072.96
1192.76	002841	-1134.81	-1145.61	072.96
1191.87	002877	-1133.91	-1144.71	072.96
1191.00	003086	-1133.04	-1143.84	072.96
1190.13	002982	-1132.17	-1142.97	072.96
1189.25	002741	-1131.29	-1142.09	072.96
1188.38	003095	-1130.42	-1141.22	072.96
1187.53	003077	-1129.58	-1140.38	072.96
1186.66	003082	-1128.70	-1139.50	072.96
1185.74	003132	-1127.79	-1138.59	072.96
1184.82	002964	-1126.87	-1137.67	072.96
1183.95	003145	-1126.00	-1136.80	072.96
1183.10	002886	-1125.15	-1135.95	072.96
1182.24	003159	-1124.29	-1135.09	072.96
1181.38	003223	-1123.42	-1134.22	072.96
1180.51	003177	-1122.55	-1133.35	072.96
1179.66	003241	-1121.70	-1132.50	072.96
1178.77	003282	-1120.82	-1131.62	072.96
1177.82	003505	-1119.86	-1130.66	072.96
1176.88	003391	-1118.92	-1129.72	072.96
1175.99	003282	-1118.03	-1128.83	072.96
1175.14	003323	-1117.18	-1127.98	072.96
1174.27	003336	-1116.32	-1127.12	072.96
1173.38	003423	-1115.43	-1126.23	072.96
1172.53	003532	-1114.57	-1125.37	072.96
1171.71	003745	-1113.75	-1124.55	072.96
1170.83	004118	-1112.87	-1123.67	072.96
1169.90	004777	-1111.95	-1122.75	072.96
1168.99	005591	-1111.03	-1121.83	072.96
1168.11	005759	-1110.15	-1120.95	072.96
1167.26	005841	-1109.30	-1120.10	072.96
1166.38	005736	-1108.42	-1119.22	072.96
1165.51	005182	-1107.55	-1118.35	072.96
1164.64	004859	-1106.69	-1117.49	072.96
1163.79	004586	-1105.83	-1116.63	072.96
1162.90	004145	-1104.94	-1115.74	072.96
1161.97	003995	-1104.02	-1114.82	072.96
1161.06	003982	-1103.11	-1113.91	072.96
1160.18	004136	-1102.23	-1113.03	072.96
1159.31	004073	-1101.36	-1112.16	072.96
1158.43	004241	-1100.47	-1111.27	072.96
1157.55	004077	-1099.60	-1110.40	072.96
1156.70	004123	-1098.74	-1109.54	072.96
1155.84	004245	-1097.88	-1108.68	072.96
1154.94	004327	-1096.99	-1107.79	072.96
1154.02	004432	-1096.07	-1106.87	072.96
1153.13	004464	-1095.17	-1105.97	072.96
1152.26	004832	-1094.30	-1105.10	072.96
1151.40	004968	-1093.45	-1104.25	072.96
1150.53	005664	-1092.57	-1103.37	072.96
1149.65	005791	-1091.69	-1102.49	072.96
1148.81	005495	-1090.85	-1101.65	072.96
1147.95	005527	-1089.99	-1100.79	072.96
1147.04	005050	-1089.08	-1099.88	072.96
1146.11	004945	-1088.16	-1098.96	072.96
1145.20	004591	-1087.25	-1098.05	072.96
1144.34	004791	-1086.38	-1097.18	072.96
1143.47	004573	-1085.51	-1096.31	072.96
1142.58	004677	-1084.62	-1095.42	072.96
1141.69	004368	-1083.74	-1094.54	072.96
1140.83	004468	-1082.88	-1093.68	072.96
1139.98	004582	-1082.03	-1092.83	072.96
1139.07	004432	-1081.12	-1091.92	072.96
1138.15	004382	-1080.19	-1090.99	072.96
1137.25	004523	-1079.29	-1090.09	072.96
1136.39	004209	-1078.43	-1089.23	072.96
1135.54	004614	-1077.58	-1088.38	072.96
1134.65	004095	-1076.70	-1087.50	072.96
1133.79	004550	-1075.83	-1086.63	072.96
1132.92	004486	-1074.97	-1085.77	072.96
1132.08	004441	-1074.12	-1084.92	072.96
1131.16	004191	-1073.20	-1084.00	072.96
1130.23	004164	-1072.27	-1083.07	072.96
1129.33	004450	-1071.37	-1082.17	072.96
1128.46	004441	-1070.50	-1081.30	072.96
1127.61	004486	-1069.66	-1080.46	072.96
1126.73	004205	-1068.77	-1079.57	072.96
1125.86	004277	-1067.90	-1078.70	072.96
1125.00	004582	-1067.04	-1077.84	072.96
1124.14	004345	-1066.18	-1076.98	072.96
1123.24	004505	-1065.28	-1076.08	072.96
1122.32	004227	-1064.36	-1075.16	072.96
1121.44	004264	-1063.48	-1074.28	072.96
1120.58	004355	-1062.63	-1073.43	072.96
1119.72	004323	-1061.76	-1072.56	072.96
1118.86	004182	-1060.90	-1071.70	072.96
1117.98	004309	-1060.03	-1070.83	072.96
1117.13	004300	-1059.17	-1069.97	072.96
1116.27	004218	-1058.31	-1069.11	072.96
1115.34	004291	-1057.38	-1068.18	072.96
1114.41	004050	-1056.45	-1067.25	072.96
1113.50	004186	-1055.54	-1066.34	072.96
1112.63	004195	-1054.68	-1065.48	072.96
1111.76	004273	-1053.81	-1064.61	072.96
1110.88	004059	-1052.93	-1063.73	072.96
1110.01	004105	-1052.05	-1062.85	072.96
1109.15	004091	-1051.19	-1061.99	072.96
1108.26	004159	-1050.31	-1061.11	072.96
1107.34	004145	-1049.38	-1060.18	072.96
1106.43	004109	-1048.47	-1059.27	072.96
1105.55	004145	-1047.59	-1058.39	072.96
1104.69	004027	-1046.73	-1057.53	072.96
1103.81	004359	-1045.86	-1056.66	072.96
1102.93	003927	-1044.97	-1055.77	072.96
1102.08	003900	-1044.12	-1054.92	072.96
1101.22	004245	-1043.27	-1054.07	072.96
1100.34	003900	-1042.38	-1053.18	072.96
1099.42	003741	-1041.46	-1052.26	072.96
1098.51	003814	-1040.55	-1051.35	072.96
1097.62	003645	-1039.66	-1050.46	072.96
1096.76	004073	-1038.80	-1049.60	072.96
1095.88	004032	-1037.93	-1048.73	072.96
1095.00	004159	-1037.04	-1047.84	072.96
1094.14	004141	-1036.18	-1046.98	072.96
1093.29	003973	-1035.33	-1046.13	072.96
1092.40	003823	-1034.45	-1045.25	072.96
1091.48	004000	-1033.52	-1044.32	072.96
1090.57	004036	-1032.61	-1043.41	072.96
1089.70	004223	-1031.74	-1042.54	072.96
1088.85	004518	-1030.90	-1041.70	072.96
1087.98	004255	-1030.02	-1040.82	072.96
1087.11	003759	-1029.16	-1039.96	072.96
1086.25	004086	-1028.30	-1039.10	072.96
1085.42	003877	-1027.46	-1038.26	072.96
1084.51	003736	-1026.56	-1037.36	072.96
1083.58	003936	-1025.62	-1036.42	072.96
1082.66	003936	-1024.71	-1035.51	072.96
1081.77	004000	-1023.82	-1034.62	072.96
1080.92	003741	-1022.96	-1033.76	072.96
1080.05	003768	-1022.09	-1032.89	072.96
1079.17	003777	-1021.21	-1032.01	072.96
1078.30	003868	-1020.35	-1031.15	072.96
1077.43	003986	-1019.48	-1030.28	072.96
1076.53	003868	-1018.58	-1029.38	072.96
1075.62	003855	-1017.67	-1028.47	072.96
1074.72	003614	-1016.76	-1027.56	072.96
1073.86	003709	-1015.90	-1026.70	072.96
1073.02	003914	-1015.06	-1025.86	072.96
1072.15	003805	-1014.19	-1024.99	072.96
1071.27	003836	-1013.32	-1024.12	072.96
1070.41	003545	-1012.46	-1023.26	072.96
1069.56	003786	-1011.60	-1022.40	072.96
1068.65	003873	-1010.69	-1021.49	072.96
1067.73	003686	-1009.78	-1020.58	072.96
1066.84	003945	-1008.88	-1019.68	072.96
1065.97	003900	-1008.01	-1018.81	072.96
1065.11	003741	-1007.15	-1017.95	072.96
1064.22	003736	-1006.27	-1017.07	072.96
1063.35	003736	-1005.39	-1016.19	072.96
1062.50	003568	-1004.54	-1015.34	072.96
1061.63	003500	-1003.67	-1014.47	072.96
1060.72	003486	-1002.77	-1013.57	072.96
1059.80	003668	-1001.85	-1012.65	072.96
1058.93	003668	-1000.97	-1011.77	072.96
1058.07	003764	-1000.12	-1010.92	072.96
1057.22	003623	-0999.27	-1010.07	072.96
1056.35	003782	-0998.39	-1009.19	072.96
1055.48	003373	-0997.53	-1008.33	072.96
1054.64	003586	-0996.68	-1007.48	072.96
1053.78	003450	-0995.82	-1006.62	072.96
1052.82	003545	-0994.87	-1005.67	072.96
1051.86	003323	-0993.90	-1004.70	072.96
1050.94	003200	-0992.99	-1003.79	072.96
1050.08	003591	-0992.13	-1002.93	072.96
1049.22	003405	-0991.26	-1002.06	072.96
1048.34	003495	-0990.39	-1001.19	072.96
1047.47	003273	-0989.51	-1000.31	072.96
1046.60	003464	-0988.64	-0999.44	072.96
1045.72	003459	-0987.77	-0998.57	072.96
1044.80	003318	-0986.84	-0997.64	072.96
1043.88	003436	-0985.92	-0996.72	072.96
1042.99	003268	-0985.04	-0995.84	072.96
1042.14	003241	-0984.18	-0994.98	072.96
1041.27	003500	-0983.32	-0994.12	072.96
1040.40	003605	-0982.44	-0993.24	072.96
1039.52	003450	-0981.57	-0992.37	072.96
1038.67	003450	-0980.71	-0991.51	072.96
1037.79	003273	-0979.84	-0990.64	072.96
1036.88	003200	-0978.92	-0989.72	072.96
1035.95	003277	-0978.00	-0988.80	072.96
1035.06	003386	-0977.10	-0987.90	072.96
1034.19	003377	-0976.23	-0987.03	072.96
1033.32	003318	-0975.36	-0986.16	072.96
1032.44	003268	-0974.48	-0985.28	072.96
1031.58	003136	-0973.62	-0984.42	072.96
1030.71	003409	-0972.75	-0983.55	072.96
1029.83	003473	-0971.87	-0982.67	072.96
1028.92	003314	-0970.96	-0981.76	072.96
1028.01	003332	-0970.06	-0980.86	072.96
1027.14	003118	-0969.18	-0979.98	072.96
1026.27	003345	-0968.32	-0979.12	072.96
1025.40	003273	-0967.45	-0978.25	072.96
1024.52	003550	-0966.57	-0977.37	072.96
1023.67	003350	-0965.72	-0976.52	072.96
1022.82	003305	-0964.87	-0975.67	072.96
1021.93	003195	-0963.97	-0974.77	072.96
1020.99	003191	-0963.03	-0973.83	072.96
1020.08	003550	-0962.13	-0972.93	072.96
1019.20	003155	-0961.24	-0972.04	072.96
1018.33	003291	-0960.38	-0971.18	072.96
1017.45	003286	-0959.49	-0970.29	072.96
1016.57	003218	-0958.61	-0969.41	072.96
1015.70	003423	-0957.75	-0968.55	072.96
1014.85	003336	-0956.89	-0967.69	072.96
1013.95	003086	-0956.00	-0966.80	072.96
1013.02	003141	-0955.06	-0965.86	072.96
1012.12	003195	-0954.16	-0964.96	072.96
1011.25	003300	-0953.30	-0964.10	072.96
1010.40	003100	-0952.44	-0963.24	072.96
1009.52	003145	-0951.56	-0962.36	072.96
1008.65	003345	-0950.69	-0961.49	072.96
1007.78	003041	-0949.82	-0960.62	072.96
1006.93	003082	-0948.97	-0959.77	072.96
1006.04	003009	-0948.09	-0958.89	072.96
1005.11	003014	-0947.15	-0957.95	072.96
1004.20	003277	-0946.24	-0957.04	072.96
1003.32	003314	-0945.36	-0956.16	072.96
1002.48	003327	-0944.52	-0955.32	072.96
1001.60	002977	-0943.64	-0954.44	072.96
1000.71	002759	-0942.76	-0953.56	072.96
0999.85	003136	-0941.89	-0952.69	072.96
0998.99	002841	-0941.04	-0951.84	072.96
0998.09	003209	-0940.13	-0950.93	072.96
0997.18	002827	-0939.22	-0950.02	072.96
0996.28	002895	-0938.32	-0949.12	072.96
0995.41	002873	-0937.45	-0948.25	072.96
0994.57	003009	-0936.61	-0947.41	072.96
0993.70	002850	-0935.74	-0946.54	072.96
0992.83	003155	-0934.87	-0945.67	072.96
0991.98	002986	-0934.02	-0944.82	072.96
0991.12	003232	-0933.16	-0943.96	072.96
0990.20	003218	-0932.25	-0943.05	072.96
0989.27	002905	-0931.31	-0942.11	072.96
0988.35	003082	-0930.39	-0941.19	072.96
0987.47	002973	-0929.51	-0940.31	072.96
0986.61	002927	-0928.65	-0939.45	072.96
0985.72	002982	-0927.77	-0938.57	072.96
0984.85	003059	-0926.89	-0937.69	072.96
0983.98	002914	-0926.03	-0936.83	072.96
0983.11	003036	-0925.15	-0935.95	072.96
0982.19	002832	-0924.24	-0935.04	072.96
0981.28	002773	-0923.32	-0934.12	072.96
0980.39	002945	-0922.44	-0933.24	072.96
0979.54	002764	-0921.58	-0932.38	072.96
0978.67	002950	-0920.72	-0931.52	072.96
0977.79	003141	-0919.84	-0930.64	072.96
0976.92	002945	-0918.96	-0929.76	072.96
0976.06	002955	-0918.11	-0928.91	072.96
0975.19	003114	-0917.23	-0928.03	072.96
0974.30	002877	-0916.35	-0927.15	072.96
0973.43	002923	-0915.48	-0926.28	072.96
0972.54	002927	-0914.58	-0925.38	072.96
0971.66	002986	-0913.71	-0924.51	072.96
0970.79	003082	-0912.83	-0923.63	072.96
0969.91	003205	-0911.95	-0922.75	072.96
0969.04	003114	-0911.08	-0921.88	072.96
0968.19	002986	-0910.23	-0921.03	072.96
0967.31	002855	-0909.35	-0920.15	072.96
0966.39	003050	-0908.43	-0919.23	072.96
0965.48	002968	-0907.53	-0918.33	072.96
0964.61	002995	-0906.65	-0917.45	072.96
0963.75	002782	-0905.80	-0916.60	072.96
0962.90	002991	-0904.94	-0915.74	072.96
0962.01	002905	-0904.06	-0914.86	072.96
0961.14	002900	-0903.19	-0913.99	072.96
0960.31	003005	-0902.35	-0913.15	072.96
0959.43	003132	-0901.47	-0912.27	072.96
0958.50	003232	-0900.54	-0911.34	072.96
0957.57	003077	-0899.62	-0910.42	072.96
0956.68	003414	-0898.72	-0909.52	072.96
0955.82	003373	-0897.86	-0908.66	072.96
0954.94	003268	-0896.98	-0907.78	072.96
0954.06	003282	-0896.10	-0906.90	072.96
0953.19	003355	-0895.23	-0906.03	072.96
0952.34	003182	-0894.38	-0905.18	072.96
0951.46	003045	-0893.50	-0904.30	072.96
0950.53	003105	-0892.58	-0903.38	072.96
0949.62	003032	-0891.66	-0902.46	072.96
0948.74	003018	-0890.78	-0901.58	072.96
0947.89	003268	-0889.93	-0900.73	072.96
0947.02	003245	-0889.07	-0899.87	072.96
0946.15	003241	-0888.19	-0898.99	072.96
0945.28	002977	-0887.33	-0898.13	072.96
0944.43	002859	-0886.47	-0897.27	072.96
0943.55	003205	-0885.60	-0896.40	072.96
0942.62	003127	-0884.67	-0895.47	072.96
0941.71	002850	-0883.75	-0894.55	072.96
0940.83	003091	-0882.87	-0893.67	072.96
0939.97	003191	-0882.01	-0892.81	072.96
0939.09	002959	-0881.14	-0891.94	072.96
0938.21	002905	-0880.25	-0891.05	072.96
0937.35	003041	-0879.39	-0890.19	072.96
0936.49	003009	-0878.53	-0889.33	072.96
0935.60	003168	-0877.64	-0888.44	072.96
0934.67	002859	-0876.72	-0887.52	072.96
0933.79	002973	-0875.83	-0886.63	072.96
0932.92	002932	-0874.96	-0885.76	072.96
0932.07	002855	-0874.11	-0884.91	072.96
0931.19	003132	-0873.24	-0884.04	072.96
0930.32	003100	-0872.37	-0883.17	072.96
0929.48	002805	-0871.53	-0882.33	072.96
0928.63	002814	-0870.67	-0881.47	072.96
0927.70	003141	-0869.74	-0880.54	072.96
0926.74	002764	-0868.79	-0879.59	072.96
0925.84	002795	-0867.88	-0878.68	072.96
0924.97	002891	-0867.01	-0877.81	072.96
0924.11	002750	-0866.15	-0876.95	072.96
0923.22	002818	-0865.27	-0876.07	072.96
0922.34	002755	-0864.38	-0875.18	072.96
0921.48	002882	-0863.52	-0874.32	072.96
0920.61	002914	-0862.66	-0873.46	072.96
0919.69	003009	-0861.74	-0872.54	072.96
0918.77	002936	-0860.82	-0871.62	072.96
0917.87	002845	-0859.92	-0870.72	072.96
0917.01	002823	-0859.05	-0869.85	072.96
0916.16	002836	-0858.20	-0869.00	072.96
0915.28	002759	-0857.33	-0868.13	072.96
0914.40	002827	-0856.45	-0867.25	072.96
0913.55	002659	-0855.59	-0866.39	072.96
0912.69	002868	-0854.73	-0865.53	072.96
0911.78	002591	-0853.82	-0864.62	072.96
0910.85	002768	-0852.89	-0863.69	072.96
0909.94	002909	-0851.99	-0862.79	072.96
0909.08	002832	-0851.13	-0861.93	072.96
0908.22	002695	-0850.26	-0861.06	072.96
0907.34	002514	-0849.38	-0860.18	072.96
0906.47	002700	-0848.51	-0859.31	072.96
0905.60	002714	-0847.65	-0858.45	072.96
0904.74	002568	-0846.78	-0857.58	072.96
0903.82	002659	-0845.87	-0856.67	072.96
0902.91	002623	-0844.95	-0855.75	072.96
0902.01	003036	-0844.06	-0854.86	072.96
0901.15	002836	-0843.20	-0854.00	072.96
0900.30	002805	-0842.34	-0853.14	072.96
0899.42	002727	-0841.47	-0852.27	072.96
0898.56	002709	-0840.60	-0851.40	072.96
0897.70	002791	-0839.74	-0850.54	072.96
0896.83	002686	-0838.87	-0849.67	072.96
0895.90	002836	-0837.94	-0848.74	072.96
0894.98	002886	-0837.02	-0847.82	072.96
0894.09	002732	-0836.13	-0846.93	072.96
0893.22	002686	-0835.26	-0846.06	072.96
0892.34	002523	-0834.39	-0845.19	072.96
0891.45	002564	-0833.49	-0844.29	072.96
0890.59	002650	-0832.63	-0843.43	072.96
0889.72	002723	-0831.77	-0842.57	072.96
0888.84	002573	-0830.89	-0841.69	072.96
0887.92	002909	-0829.96	-0840.76	072.96
0887.02	002895	-0829.06	-0839.86	072.96
0886.13	002518	-0828.18	-0838.98	072.96
0885.28	002641	-0827.33	-0838.13	072.96
0884.41	002482	-0826.46	-0837.26	072.96
0883.53	002691	-0825.58	-0836.38	072.96
0882.66	002686	-0824.71	-0835.51	072.96
0881.82	002627	-0823.86	-0834.66	072.96
0880.94	002682	-0822.98	-0833.78	072.96
0880.01	002409	-0822.05	-0832.85	072.96
0879.09	002505	-0821.14	-0831.94	072.96
0878.21	002595	-0820.25	-0831.05	072.96
0877.36	002750	-0819.40	-0830.20	072.96
0876.47	002755	-0818.52	-0829.32	072.96
0875.60	002673	-0817.64	-0828.44	072.96
0874.73	002709	-0816.78	-0827.58	072.96
0873.87	002845	-0815.92	-0826.72	072.96
0872.99	002600	-0815.04	-0825.84	072.96
0872.07	002682	-0814.12	-0824.92	072.96
0871.16	002509	-0813.21	-0824.01	072.96
0870.29	002795	-0812.34	-0823.14	072.96
0869.46	002368	-0811.50	-0822.30	072.96
0868.58	002414	-0810.62	-0821.42	072.96
0867.72	002391	-0809.76	-0820.56	072.96
0866.86	002541	-0808.90	-0819.70	072.96
0866.01	002455	-0808.05	-0818.85	072.96
0865.11	002495	-0807.16	-0817.96	072.96
0864.18	002627	-0806.22	-0817.02	072.96
0863.25	002641	-0805.30	-0816.10	072.96
0862.36	002577	-0804.41	-0815.21	072.96
0861.50	002682	-0803.55	-0814.35	072.96
0860.62	002568	-0802.67	-0813.47	072.96
0859.74	002668	-0801.79	-0812.59	072.96
0858.87	002627	-0800.92	-0811.72	072.96
0858.02	002614	-0800.06	-0810.86	072.96
0857.12	002968	-0799.16	-0809.96	072.96
0856.19	002573	-0798.23	-0809.03	072.96
0855.28	002582	-0797.33	-0808.13	072.96
0854.41	002627	-0796.46	-0807.26	072.96
0853.56	002641	-0795.60	-0806.40	072.96
0852.69	002300	-0794.73	-0805.53	072.96
0851.81	002541	-0793.86	-0804.66	072.96
0850.95	002573	-0793.00	-0803.80	072.96
0850.08	002468	-0792.13	-0802.93	072.96
0849.18	002395	-0791.22	-0802.02	072.96
0848.25	002450	-0790.30	-0801.10	072.96
0847.36	002668	-0789.41	-0800.21	072.96
0846.49	002455	-0788.54	-0799.34	072.96
0845.62	002514	-0787.67	-0798.47	072.96
0844.73	002359	-0786.77	-0797.57	072.96
0843.86	002477	-0785.91	-0796.71	072.96
0843.01	002477	-0785.05	-0795.85	072.96
0842.15	002350	-0784.20	-0795.00	072.96
0841.24	002345	-0783.29	-0794.09	072.96
0840.33	002782	-0782.37	-0793.17	072.96
0839.44	002450	-0781.49	-0792.29	072.96
0838.58	002473	-0780.63	-0791.43	072.96
0837.72	002473	-0779.77	-0790.57	072.96
0836.85	002355	-0778.89	-0789.69	072.96
0835.98	002532	-0778.03	-0788.83	072.96
0835.13	002505	-0777.17	-0787.97	072.96
0834.27	002491	-0776.32	-0787.12	072.96
0833.34	002455	-0775.39	-0786.19	072.96
0832.42	002441	-0774.46	-0785.26	072.96
0831.52	002486	-0773.56	-0784.36	072.96
0830.66	002614	-0772.70	-0783.50	072.96
0829.79	002391	-0771.84	-0782.64	072.96
0828.91	-000005	-0770.95	-0781.75	072.96
0828.02	002314	-0770.07	-0780.87	072.96
0827.17	002091	-0769.21	-0780.01	072.96
0826.30	002495	-0768.34	-0779.14	072.96
0825.38	002468	-0767.43	-0778.23	072.96
0824.46	002373	-0766.51	-0777.31	072.96
0823.58	002536	-0765.62	-0776.42	072.96
0822.73	002605	-0764.78	-0775.58	072.96
0821.87	002277	-0763.91	-0774.71	072.96
0820.99	002441	-0763.04	-0773.84	072.96
0820.13	002427	-0762.17	-0772.97	072.96
0819.27	002345	-0761.31	-0772.11	072.96
0818.40	002614	-0760.45	-0771.25	072.96
0817.48	002418	-0759.53	-0770.33	072.96
0816.56	002068	-0758.61	-0769.41	072.96
0815.68	002268	-0757.72	-0768.52	072.96
0814.82	002286	-0756.86	-0767.66	072.96
0813.95	002223	-0756.00	-0766.80	072.96
0813.07	002345	-0755.11	-0765.91	072.96
0812.20	002314	-0754.24	-0765.04	072.96
0811.34	002518	-0753.39	-0764.19	072.96
0810.46	002473	-0752.51	-0763.31	072.96
0809.55	002486	-0751.59	-0762.39	072.96
0808.65	002427	-0750.70	-0761.50	072.96
0807.77	002464	-0749.82	-0760.62	072.96
0806.91	002364	-0748.96	-0759.76	072.96
0806.05	002218	-0748.10	-0758.90	072.96
0805.18	002409	-0747.22	-0758.02	072.96
0804.33	002545	-0746.37	-0757.17	072.96
0803.48	002282	-0745.52	-0756.32	072.96
0802.57	002314	-0744.62	-0755.42	072.96
0801.62	002450	-0743.67	-0754.47	072.96
0800.70	002355	-0742.74	-0753.54	072.96
0799.81	002259	-0741.85	-0752.65	072.96
0798.94	002209	-0740.99	-0751.79	072.96
0798.07	002341	-0740.11	-0750.91	072.96
0797.19	002336	-0739.23	-0750.03	072.96
0796.33	002218	-0738.37	-0749.17	072.96
0795.47	002295	-0737.51	-0748.31	072.96
0794.56	002332	-0736.60	-0747.40	072.96
0793.63	002355	-0735.68	-0746.48	072.96
0792.72	002250	-0734.77	-0745.57	072.96
0791.86	002459	-0733.90	-0744.70	072.96
0791.01	002327	-0733.06	-0743.86	072.96
0790.13	002364	-0732.18	-0742.98	072.96
0789.25	002505	-0731.29	-0742.09	072.96
0788.38	002414	-0730.43	-0741.23	072.96
0787.52	002182	-0729.57	-0740.37	072.96
0786.62	002341	-0728.67	-0739.47	072.96
0785.69	002023	-0727.74	-0738.54	072.96
0784.79	002386	-0726.84	-0737.64	072.96
0783.92	002400	-0725.97	-0736.77	072.96
0783.06	002255	-0725.11	-0735.91	072.96
0782.18	002382	-0724.22	-0735.02	072.96
0781.29	002191	-0723.34	-0734.14	072.96
0780.43	002332	-0722.48	-0733.28	072.96
0779.57	002218	-0721.61	-0732.41	072.96
0778.68	002255	-0720.72	-0731.52	072.96
0777.76	002264	-0719.80	-0730.60	072.96
0776.86	002195	-0718.90	-0729.70	072.96
0776.05	002564	-0718.10	-0728.90	072.96
0775.20	002086	-0717.24	-0728.04	072.96
0774.33	002155	-0716.38	-0727.18	072.96
0773.47	002345	-0715.51	-0726.31	072.96
0772.61	002386	-0714.65	-0725.45	072.96
0771.75	002314	-0713.79	-0724.59	072.96
0770.84	002218	-0712.88	-0723.68	072.96
0769.90	002336	-0711.95	-0722.75	072.96
0768.99	002091	-0711.04	-0721.84	072.96
0768.12	002368	-0710.16	-0720.96	072.96
0767.26	002309	-0709.30	-0720.10	072.96
0766.38	002355	-0708.43	-0719.23	072.96
0765.50	002291	-0707.55	-0718.35	072.96
0764.64	002141	-0706.69	-0717.49	072.96
0763.76	002136	-0705.81	-0716.61	072.96
0762.84	002232	-0704.88	-0715.68	072.96
0761.92	002286	-0703.97	-0714.77	072.96
0761.04	002282	-0703.09	-0713.89	072.96
0760.18	002114	-0702.22	-0713.02	072.96
0759.32	002232	-0701.37	-0712.17	072.96
0758.45	002236	-0700.49	-0711.29	072.96
0757.57	002223	-0699.62	-0710.42	072.96
0756.72	002155	-0698.77	-0709.57	072.96
0755.86	002205	-0697.90	-0708.70	072.96
0754.93	002095	-0696.97	-0707.77	072.96
0754.02	002364	-0696.06	-0706.86	072.96
0753.13	002073	-0695.17	-0705.97	072.96
0752.26	002173	-0694.31	-0705.11	072.96
0751.38	002236	-0693.43	-0704.23	072.96
0750.50	002314	-0692.54	-0703.34	072.96
0749.63	002245	-0691.68	-0702.48	072.96
0748.78	002314	-0690.83	-0701.63	072.96
0747.91	002050	-0689.95	-0700.75	072.96
0746.99	002368	-0689.03	-0699.83	072.96
0746.09	002109	-0688.13	-0698.93	072.96
0745.20	002223	-0687.25	-0698.05	072.96
0744.35	002145	-0686.40	-0697.20	072.96
0743.50	002009	-0685.54	-0696.34	072.96
0742.62	002155	-0684.66	-0695.46	072.96
0741.75	002305	-0683.80	-0694.60	072.96
0740.91	002286	-0682.96	-0693.76	072.96
0740.03	002245	-0682.08	-0692.88	072.96
0739.09	002050	-0681.14	-0691.94	072.96
0738.16	002377	-0680.20	-0691.00	072.96
0737.26	002091	-0679.30	-0690.10	072.96
0736.40	002109	-0678.45	-0689.25	072.96
0735.54	002227	-0677.58	-0688.38	072.96
0734.66	002145	-0676.70	-0687.50	072.96
0733.78	002127	-0675.82	-0686.62	072.96
0732.91	002059	-0674.95	-0685.75	072.96
0732.02	002209	-0674.07	-0684.87	072.96
0731.10	002155	-0673.15	-0683.95	072.96
0730.19	002132	-0672.24	-0683.04	072.96
0729.31	002082	-0671.36	-0682.16	072.96
0728.46	002014	-0670.51	-0681.31	072.96
0727.60	002136	-0669.64	-0680.44	072.96
0726.72	002164	-0668.76	-0679.56	072.96
0725.86	002245	-0667.90	-0678.70	072.96
0725.00	002182	-0667.04	-0677.84	072.96
0724.10	002123	-0666.15	-0676.95	072.96
0723.19	002000	-0665.23	-0676.03	072.96
0722.28	002100	-0664.32	-0675.12	072.96
0721.39	002173	-0663.44	-0674.24	072.96
0720.53	002236	-0662.57	-0673.37	072.96
0719.64	002159	-0661.69	-0672.49	072.96
0718.76	002023	-0660.81	-0671.61	072.96
0717.90	001945	-0659.95	-0670.75	072.96
0717.05	002209	-0659.09	-0669.89	072.96
0716.15	001950	-0658.20	-0669.00	072.96
0715.24	002214	-0657.28	-0668.08	072.96
0714.34	002136	-0656.39	-0667.19	072.96
0713.47	001841	-0655.51	-0666.31	072.96
0712.62	002227	-0654.66	-0665.46	072.96
0711.74	002186	-0653.79	-0664.59	072.96
0710.86	002118	-0652.91	-0663.71	072.96
0710.02	002114	-0652.07	-0662.87	072.96
0709.17	002191	-0651.21	-0662.01	072.96
0708.25	002045	-0650.30	-0661.10	072.96
0707.32	002127	-0649.37	-0660.17	072.96
0706.42	002105	-0648.47	-0659.27	072.96
0705.55	002014	-0647.59	-0658.39	072.96
0704.69	002023	-0646.73	-0657.53	072.96
0703.79	002127	-0645.84	-0656.64	072.96
0702.91	002191	-0644.96	-0655.76	072.96
0702.05	002209	-0644.10	-0654.90	072.96
0701.20	002036	-0643.24	-0654.04	072.96
0700.28	002082	-0642.33	-0653.13	072.96
0699.36	001977	-0641.40	-0652.20	072.96
0698.46	002136	-0640.51	-0651.31	072.96
0697.61	001909	-0639.65	-0650.45	072.96
0696.76	001968	-0638.81	-0649.61	072.96
0695.88	001923	-0637.92	-0648.72	072.96
0695.01	001968	-0637.05	-0647.85	072.96
0694.15	001932	-0636.19	-0646.99	072.96
0693.29	002077	-0635.34	-0646.14	072.96
0692.38	002177	-0634.43	-0645.23	072.96
0691.46	001964	-0633.51	-0644.31	072.96
0690.57	002018	-0632.61	-0643.41	072.96
0689.70	001959	-0631.75	-0642.55	072.96
0688.83	001895	-0630.88	-0641.68	072.96
0687.95	001982	-0629.99	-0640.79	072.96
0687.08	001986	-0629.13	-0639.93	072.96
0686.23	001968	-0628.27	-0639.07	072.96
0685.36	002045	-0627.41	-0638.21	072.96
0684.45	002168	-0626.50	-0637.30	072.96
0683.53	001795	-0625.58	-0636.38	072.96
0682.65	002014	-0624.69	-0635.49	072.96
0681.80	002009	-0623.84	-0634.64	072.96
0680.94	002005	-0622.98	-0633.78	072.96
0680.07	001873	-0622.12	-0632.92	072.96
0679.21	001932	-0621.25	-0632.05	072.96
0678.36	002041	-0620.40	-0631.20	072.96
0677.48	002018	-0619.53	-0630.33	072.96
0676.55	001955	-0618.59	-0629.39	072.96
0675.61	002177	-0617.66	-0628.46	072.96
0674.71	001832	-0616.75	-0627.55	072.96
0673.84	002023	-0615.89	-0626.69	072.96
0672.97	002005	-0615.02	-0625.82	072.96
0672.09	002064	-0614.14	-0624.94	072.96
0671.22	001982	-0613.27	-0624.07	072.96
0670.37	001964	-0612.41	-0623.21	072.96
0669.48	002018	-0611.52	-0622.32	072.96
0668.54	002118	-0610.58	-0621.38	072.96
0667.63	001955	-0609.67	-0620.47	072.96
0666.76	002000	-0608.80	-0619.60	072.96
0665.91	001850	-0607.95	-0618.75	072.96
0665.03	001950	-0607.07	-0617.87	072.96
0664.15	001914	-0606.19	-0616.99	072.96
0663.29	002014	-0605.33	-0616.13	072.96
0662.43	002082	-0604.48	-0615.28	072.96
0661.55	001959	-0603.59	-0614.39	072.96
0660.63	002173	-0602.67	-0613.47	072.96
0659.71	001895	-0601.76	-0612.56	072.96
0658.83	001777	-0600.87	-0611.67	072.96
0657.96	001991	-0600.00	-0610.80	072.96
0657.08	001936	-0599.13	-0609.93	072.96
0656.20	002068	-0598.24	-0609.04	072.96
0655.33	001914	-0597.37	-0608.17	072.96
0654.48	001964	-0596.52	-0607.32	072.96
0653.59	001909	-0595.64	-0606.44	072.96
0652.66	001909	-0594.71	-0605.51	072.96
0651.76	001868	-0593.80	-0604.60	072.96
0650.89	001995	-0592.93	-0603.73	072.96
0650.04	002168	-0592.09	-0602.89	072.96
0649.18	002023	-0591.22	-0602.02	072.96
0648.30	001882	-0590.34	-0601.14	072.96
0647.44	002023	-0589.48	-0600.28	072.96
0646.59	002145	-0588.63	-0599.43	072.96
0645.70	001759	-0587.74	-0598.54	072.96
0644.77	002027	-0586.81	-0597.61	072.96
0643.84	001886	-0585.89	-0596.69	072.96
0642.96	001964	-0585.00	-0595.80	072.96
0642.11	001891	-0584.15	-0594.95	072.96
0641.23	001964	-0583.27	-0594.07	072.96
0640.34	001782	-0582.39	-0593.19	072.96
0639.47	001973	-0581.51	-0592.31	072.96
0638.61	001891	-0580.65	-0591.45	072.96
0637.71	001809	-0579.75	-0590.55	072.96
0636.79	002050	-0578.84	-0589.64	072.96
0635.89	001982	-0577.93	-0588.73	072.96
0635.02	001955	-0577.07	-0587.87	072.96
0634.16	001882	-0576.21	-0587.01	072.96
0633.30	001914	-0575.34	-0586.14	072.96
0632.43	001864	-0574.47	-0585.27	072.96
0631.58	001700	-0573.62	-0584.42	072.96
0630.71	001845	-0572.76	-0583.56	072.96
0629.80	001845	-0571.84	-0582.64	072.96
0628.88	001941	-0570.92	-0581.72	072.96
0627.99	002000	-0570.03	-0580.83	072.96
0627.12	001959	-0569.16	-0579.96	072.96
0626.25	002005	-0568.30	-0579.10	072.96
0625.36	001795	-0567.40	-0578.20	072.96
0624.49	001891	-0566.54	-0577.34	072.96
0623.63	001936	-0565.68	-0576.48	072.96
0622.78	001918	-0564.83	-0575.63	072.96
0621.87	001886	-0563.91	-0574.71	072.96
0620.96	001877	-0563.00	-0573.80	072.96
0620.07	001927	-0562.12	-0572.92	072.96
0619.21	001836	-0561.25	-0572.05	072.96
0618.35	001782	-0560.40	-0571.20	072.96
0617.47	001805	-0559.52	-0570.32	072.96
0616.60	001936	-0558.65	-0569.45	072.96
0615.76	001991	-0557.80	-0568.60	072.96
0614.89	001777	-0556.94	-0567.74	072.96
0613.97	001791	-0556.01	-0566.81	072.96
0613.03	001945	-0555.08	-0565.88	072.96
0612.13	001986	-0554.17	-0564.97	072.96
0611.27	001859	-0553.31	-0564.11	072.96
0610.40	001832	-0552.45	-0563.25	072.96
0609.51	001850	-0551.55	-0562.35	072.96
0608.64	001827	-0550.68	-0561.48	072.96
0607.78	002036	-0549.82	-0560.62	072.96
0606.91	001850	-0548.95	-0559.75	072.96
0605.99	001936	-0548.03	-0558.83	072.96
0605.07	002018	-0547.11	-0557.91	072.96
0604.18	001859	-0546.23	-0557.03	072.96
0603.33	002027	-0545.37	-0556.17	072.96
0602.46	002055	-0544.50	-0555.30	072.96
0601.58	001932	-0543.62	-0554.42	072.96
0600.71	001973	-0542.76	-0553.56	072.96
0599.86	001895	-0541.91	-0552.71	072.96
0598.99	001823	-0541.03	-0551.83	072.96
0598.07	001918	-0540.12	-0550.92	072.96
0597.16	001818	-0539.20	-0550.00	072.96
0596.25	001964	-0538.30	-0549.10	072.96
0595.39	001773	-0537.43	-0548.23	072.96
0594.52	001873	-0536.56	-0547.36	072.96
0593.65	001805	-0535.70	-0546.50	072.96
0592.78	001777	-0534.82	-0545.62	072.96
0591.92	001700	-0533.96	-0544.76	072.96
0591.04	001745	-0533.09	-0543.89	072.96
0590.12	001905	-0532.17	-0542.97	072.96
0589.21	001882	-0531.26	-0542.06	072.96
0588.34	001659	-0530.38	-0541.18	072.96
0587.49	001905	-0529.54	-0540.34	072.96
0586.62	001795	-0528.66	-0539.46	072.96
0585.75	001745	-0527.79	-0538.59	072.96
0584.89	001764	-0526.94	-0537.74	072.96
0584.05	001800	-0526.09	-0536.89	072.96
0583.15	001955	-0525.19	-0535.99	072.96
0582.22	001823	-0524.27	-0535.07	072.96
0581.31	001832	-0523.36	-0534.16	072.96
0580.43	001855	-0522.47	-0533.27	072.96
0579.57	001927	-0521.61	-0532.41	072.96
0578.70	001873	-0520.75	-0531.55	072.96
0577.87	001841	-0519.91	-0530.71	072.96
0577.00	002032	-0519.05	-0529.85	072.96
0576.14	001886	-0518.18	-0528.98	072.96
0575.25	001936	-0517.29	-0528.09	072.96
0574.33	001691	-0516.37	-0527.17	072.96
0573.43	001773	-0515.47	-0526.27	072.96
0572.56	001841	-0514.61	-0525.41	072.96
0571.71	001886	-0513.75	-0524.55	072.96
0570.83	001900	-0512.87	-0523.67	072.96
0569.95	001927	-0511.99	-0522.79	072.96
0569.10	001845	-0511.14	-0521.94	072.96
0568.24	001832	-0510.29	-0521.09	072.96
0567.35	001695	-0509.40	-0520.20	072.96
0566.42	001714	-0508.47	-0519.27	072.96
0565.52	001805	-0507.57	-0518.37	072.96
0564.64	001805	-0506.68	-0517.48	072.96
0563.80	001782	-0505.84	-0516.64	072.96
0562.92	001809	-0504.96	-0515.76	072.96
0562.04	001832	-0504.08	-0514.88	072.96
0561.17	001827	-0503.21	-0514.01	072.96
0560.32	001668	-0502.37	-0513.17	072.96
0559.42	001714	-0501.47	-0512.27	072.96
0558.51	001914	-0500.55	-0511.35	072.96
0557.61	001768	-0499.65	-0510.45	072.96
0556.75	001655	-0498.79	-0509.59	072.96
0555.90	001809	-0497.95	-0508.75	072.96
0555.03	001868	-0497.08	-0507.88	072.96
0554.16	001668	-0496.20	-0507.00	072.96
0553.30	002014	-0495.35	-0506.15	072.96
0552.45	001795	-0494.49	-0505.29	072.96
0551.52	001818	-0493.56	-0504.36	072.96
0550.57	001777	-0492.61	-0503.41	072.96
0549.64	001759	-0491.68	-0502.48	072.96
0548.76	001718	-0490.80	-0501.60	072.96
0547.90	001759	-0489.95	-0500.75	072.96
0547.03	001650	-0489.07	-0499.87	072.96
0546.15	001873	-0488.19	-0498.99	072.96
0545.28	001736	-0487.33	-0498.13	072.96
0544.41	001773	-0486.45	-0497.25	072.96
0543.48	001782	-0485.52	-0496.32	072.96
0542.56	001795	-0484.60	-0495.40	072.96
0541.68	001736	-0483.72	-0494.52	072.96
0540.82	001814	-0482.87	-0493.67	072.96
0539.96	001973	-0482.00	-0492.80	072.96
0539.07	001905	-0481.12	-0491.92	072.96
0538.20	001686	-0480.25	-0491.05	072.96
0537.35	001886	-0479.40	-0490.20	072.96
0536.47	001805	-0478.51	-0489.31	072.96
0535.55	001868	-0477.59	-0488.39	072.96
0534.62	001877	-0476.66	-0487.46	072.96
0533.73	001718	-0475.77	-0486.57	072.96
0532.88	001782	-0474.92	-0485.72	072.96
0532.00	001845	-0474.05	-0484.85	072.96
0531.12	002000	-0473.16	-0483.96	072.96
0530.24	001832	-0472.28	-0483.08	072.96
0529.38	001768	-0471.43	-0482.23	072.96
0528.52	001932	-0470.56	-0481.36	072.96
0527.59	001845	-0469.64	-0480.44	072.96
0526.68	001836	-0468.73	-0479.53	072.96
0525.81	001782	-0467.85	-0478.65	072.96
0524.95	001991	-0466.99	-0477.79	072.96
0524.10	001841	-0466.14	-0476.94	072.96
0523.22	001755	-0465.26	-0476.06	072.96
0522.35	001850	-0464.39	-0475.19	072.96
0521.49	001918	-0463.54	-0474.34	072.96
0520.62	001736	-0462.67	-0473.47	072.96
0519.69	001836	-0461.73	-0472.53	072.96
0518.76	001705	-0460.81	-0471.61	072.96
0517.87	001768	-0459.91	-0470.71	072.96
0517.00	001691	-0459.05	-0469.85	072.96
0516.13	001736	-0458.18	-0468.98	072.96
0515.25	001764	-0457.29	-0468.09	072.96
0514.38	001759	-0456.42	-0467.22	072.96
0513.51	001636	-0455.55	-0466.35	072.96
0512.63	001991	-0454.67	-0465.47	072.96
0511.70	001795	-0453.74	-0464.54	072.96
0510.79	001750	-0452.84	-0463.64	072.96
0509.92	001782	-0451.96	-0462.76	072.96
0509.06	001714	-0451.10	-0461.90	072.96
0508.19	001668	-0450.24	-0461.04	072.96
0507.32	001845	-0449.36	-0460.16	072.96
0506.45	001868	-0448.50	-0459.30	072.96
0505.60	001886	-0447.64	-0458.44	072.96
0504.70	001709	-0446.74	-0457.54	072.96
0503.78	001873	-0445.82	-0456.62	072.96
0502.87	001850	-0444.91	-0455.71	072.96
0501.99	001823	-0444.04	-0454.84	072.96
0501.13	001709	-0443.17	-0453.97	072.96
0500.25	001905	-0442.29	-0453.09	072.96
0499.37	001773	-0441.41	-0452.21	072.96
0498.52	001964	-0440.56	-0451.36	072.96
0497.66	001682	-0439.70	-0450.50	072.96
0496.76	001714	-0438.81	-0449.61	072.96
0495.84	001573	-0437.88	-0448.68	072.96
0494.94	001700	-0436.99	-0447.79	072.96
0494.08	001727	-0436.13	-0446.93	072.96
0493.23	001605	-0435.27	-0446.07	072.96
0492.35	001764	-0434.40	-0445.20	072.96
0491.48	001795	-0433.52	-0444.32	072.96
0490.62	001777	-0432.67	-0443.47	072.96
0489.78	001755	-0431.83	-0442.63	072.96
0488.87	001823	-0430.91	-0441.71	072.96
0487.93	001777	-0429.97	-0440.77	072.96
0487.01	001786	-0429.05	-0439.85	072.96
0486.13	001823	-0428.17	-0438.97	072.96
0485.27	001755	-0427.31	-0438.11	072.96
0484.39	001755	-0426.43	-0437.23	072.96
0483.51	001836	-0425.55	-0436.35	072.96
0482.64	001805	-0424.68	-0435.48	072.96
0481.78	001686	-0423.82	-0434.62	072.96
0480.86	001905	-0422.91	-0433.71	072.96
0479.95	001723	-0421.99	-0432.79	072.96
0479.05	001895	-0421.09	-0431.89	072.96
0478.18	001705	-0420.23	-0431.03	072.96
0477.33	001945	-0419.37	-0430.17	072.96
0476.44	001818	-0418.49	-0429.29	072.96
0475.57	001718	-0417.61	-0428.41	072.96
0474.71	001682	-0416.75	-0427.55	072.96
0473.84	001714	-0415.89	-0426.69	072.96
0472.92	001714	-0414.97	-0425.77	072.96
0472.00	001791	-0414.05	-0424.85	072.96
0471.11	001750	-0413.15	-0423.95	072.96
0470.24	001682	-0412.28	-0423.08	072.96
0469.38	001764	-0411.42	-0422.22	072.96
0468.50	001727	-0410.54	-0421.34	072.96
0467.62	001764	-0409.66	-0420.46	072.96
0466.76	001873	-0408.81	-0419.61	072.96
0465.89	001791	-0407.94	-0418.74	072.96
0464.97	001795	-0407.01	-0417.81	072.96
0464.06	001795	-0406.11	-0416.91	072.96
0463.18	001709	-0405.22	-0416.02	072.96
0462.33	001695	-0404.37	-0415.17	072.96
0461.46	001650	-0403.51	-0414.31	072.96
0460.59	001814	-0402.63	-0413.43	072.96
0459.72	001659	-0401.76	-0412.56	072.96
0458.88	001777	-0400.92	-0411.72	072.96
0458.00	001877	-0400.05	-0410.85	072.96
0457.08	001759	-0399.12	-0409.92	072.96
0456.14	001641	-0398.18	-0408.98	072.96
0455.25	001695	-0397.30	-0408.10	072.96
0454.39	001791	-0396.44	-0407.24	072.96
0453.53	001714	-0395.57	-0406.37	072.96
0452.63	001750	-0394.68	-0405.48	072.96
0451.76	001718	-0393.80	-0404.60	072.96
0450.90	001873	-0392.94	-0403.74	072.96
0450.03	001677	-0392.08	-0402.88	072.96
0449.11	001609	-0391.15	-0401.95	072.96
0448.19	001677	-0390.23	-0401.03	072.96
0447.30	001609	-0389.35	-0400.15	072.96
0446.46	001700	-0388.50	-0399.30	072.96
0445.59	001795	-0387.64	-0398.44	072.96
0444.71	001736	-0386.76	-0397.56	072.96
0443.85	001659	-0385.89	-0396.69	072.96
0442.99	001809	-0385.04	-0395.84	072.96
0442.10	001800	-0384.15	-0394.95	072.96
0441.18	001686	-0383.23	-0394.03	072.96
0440.28	001641	-0382.32	-0393.12	072.96
0439.39	001755	-0381.43	-0392.23	072.96
0438.52	001823	-0380.57	-0391.37	072.96
0437.65	001632	-0379.70	-0390.50	072.96
0436.78	001645	-0378.83	-0389.63	072.96
0435.92	001841	-0377.96	-0388.76	072.96
0435.05	001700	-0377.10	-0387.90	072.96
0434.16	001691	-0376.21	-0387.01	072.96
0433.25	001627	-0375.29	-0386.09	072.96
0432.36	001850	-0374.41	-0385.21	072.96
0431.49	001786	-0373.54	-0384.34	072.96
0430.64	001759	-0372.68	-0383.48	072.96
0429.76	001614	-0371.81	-0382.61	072.96
0428.90	001827	-0370.94	-0381.74	072.96
0428.04	001736	-0370.09	-0380.89	072.96
0427.19	001659	-0369.24	-0380.04	072.96
0426.28	001832	-0368.32	-0379.12	072.96
0425.32	001664	-0367.37	-0378.17	072.96
0424.40	001859	-0366.44	-0377.24	072.96
0423.53	001605	-0365.57	-0376.37	072.96
0422.67	001727	-0364.71	-0375.51	072.96
0421.78	001714	-0363.83	-0374.63	072.96
0420.90	001582	-0362.94	-0373.74	072.96
0420.02	001709	-0362.07	-0372.87	072.96
0419.18	001682	-0361.22	-0372.02	072.96
0418.26	001868	-0360.31	-0371.11	072.96
0417.33	001773	-0359.38	-0370.18	072.96
0416.42	001909	-0358.47	-0369.27	072.96
0415.57	001655	-0357.61	-0368.41	072.96
0414.71	001823	-0356.76	-0367.56	072.96
0413.83	001759	-0355.87	-0366.67	072.96
0412.95	001636	-0354.99	-0365.79	072.96
0412.09	001809	-0354.14	-0364.94	072.96
0411.24	001791	-0353.28	-0364.08	072.96
0410.33	001682	-0352.37	-0363.17	072.96
0409.41	001805	-0351.45	-0362.25	072.96
0408.50	001691	-0350.54	-0361.34	072.96
0407.63	001777	-0349.67	-0360.47	072.96
0406.76	001664	-0348.81	-0359.61	072.96
0405.89	001705	-0347.93	-0358.73	072.96
0405.01	001745	-0347.05	-0357.85	072.96
0404.14	001673	-0346.19	-0356.99	072.96
0403.28	001691	-0345.32	-0356.12	072.96
0402.36	001732	-0344.41	-0355.21	072.96
0401.46	001682	-0343.50	-0354.30	072.96
0400.57	001886	-0342.62	-0353.42	072.96
0399.71	001745	-0341.76	-0352.56	072.96
0398.84	-000004	-0340.89	-0351.69	072.96
0397.97	001659	-0340.02	-0350.82	072.96
0397.11	001755	-0339.15	-0349.95	072.96
0396.25	001764	-0338.30	-0349.10	072.96
0395.38	001700	-0337.43	-0348.23	072.96
0394.45	001668	-0336.50	-0347.30	072.96
0393.53	001705	-0335.58	-0346.38	072.96
0392.63	001777	-0334.67	-0345.47	072.96
0391.77	001536	-0333.81	-0344.61	072.96
0390.90	001914	-0332.94	-0343.74	072.96
0390.01	001664	-0332.05	-0342.85	072.96
0389.15	001795	-0331.19	-0341.99	072.96
0388.28	001709	-0330.33	-0341.13	072.96
0387.40	001882	-0329.44	-0340.24	072.96
0386.47	001677	-0328.52	-0339.32	072.96
0385.56	001668	-0327.60	-0338.40	072.96
0384.68	001695	-0326.72	-0337.52	072.96
0383.84	001577	-0325.88	-0336.68	072.96
0382.97	001795	-0325.01	-0335.81	072.96
0382.08	001623	-0324.13	-0334.93	072.96
0381.22	001741	-0323.26	-0334.06	072.96
0380.41	001659	-0322.46	-0333.26	072.96
0379.55	001736	-0321.60	-0332.40	072.96
0378.63	001505	-0320.68	-0331.48	072.96
0377.72	001632	-0319.76	-0330.56	072.96
0376.83	001836	-0318.87	-0329.67	072.96
0375.97	001650	-0318.01	-0328.81	072.96
0375.10	001650	-0317.15	-0327.95	072.96
0374.22	001786	-0316.26	-0327.06	072.96
0373.34	001682	-0315.39	-0326.19	072.96
0372.48	001664	-0314.53	-0325.33	072.96
0371.61	001736	-0313.66	-0324.46	072.96
0370.70	001718	-0312.74	-0323.54	072.96
0369.79	001686	-0311.83	-0322.63	072.96
0368.91	001700	-0310.96	-0321.76	072.96
0368.06	001705	-0310.10	-0320.90	072.96
0367.19	001605	-0309.24	-0320.04	072.96
0366.33	001655	-0308.37	-0319.17	072.96
0365.46	001609	-0307.51	-0318.31	072.96
0364.61	001782	-0306.66	-0317.46	072.96
0363.71	001614	-0305.75	-0316.55	072.96
0362.77	001645	-0304.81	-0315.61	072.96
0361.87	001814	-0303.91	-0314.71	072.96
0360.98	001682	-0303.02	-0313.82	072.96
0360.10	001718	-0302.14	-0312.94	072.96
0359.22	001809	-0301.26	-0312.06	072.96
0358.34	001627	-0300.39	-0311.19	072.96
0357.48	001782	-0299.53	-0310.33	072.96
0356.62	001777	-0298.66	-0309.46	072.96
0355.71	001750	-0297.75	-0308.55	072.96
0354.79	001777	-0296.83	-0307.63	072.96
0353.89	001659	-0295.93	-0306.73	072.96
0353.02	001518	-0295.07	-0305.87	072.96
0352.17	001618	-0294.21	-0305.01	072.96
0351.28	001550	-0293.33	-0304.13	072.96
0350.40	001814	-0292.44	-0303.24	072.96
0349.54	001636	-0291.59	-0302.39	072.96
0348.70	001795	-0290.74	-0301.54	072.96
0347.80	001682	-0289.84	-0300.64	072.96
0346.87	001750	-0288.91	-0299.71	072.96
0345.97	001509	-0288.01	-0298.81	072.96
0345.08	001641	-0287.13	-0297.93	072.96
0344.24	001573	-0286.28	-0297.08	072.96
0343.35	001764	-0285.39	-0296.19	072.96
0342.48	001641	-0284.52	-0295.32	072.96
0341.61	001718	-0283.65	-0294.45	072.96
0340.76	001727	-0282.80	-0293.60	072.96
0339.85	001795	-0281.89	-0292.69	072.96
0338.93	001700	-0280.97	-0291.77	072.96
0338.03	001755	-0280.07	-0290.87	072.96
0337.17	001645	-0279.22	-0290.02	072.96
0336.33	001564	-0278.37	-0289.17	072.96
0335.45	001591	-0277.50	-0288.30	072.96
0334.58	001695	-0276.63	-0287.43	072.96
0333.72	001832	-0275.77	-0286.57	072.96
0332.86	001741	-0274.90	-0285.70	072.96
0331.95	001786	-0273.99	-0284.79	072.96
0331.02	001500	-0273.07	-0283.87	072.96
0330.12	001605	-0272.16	-0282.96	072.96
0329.24	001632	-0271.29	-0282.09	072.96
0328.38	001727	-0270.43	-0281.23	072.96
0327.49	001668	-0269.54	-0280.34	072.96
0326.63	001659	-0268.67	-0279.47	072.96
0325.76	001650	-0267.80	-0278.60	072.96
0324.89	001755	-0266.93	-0277.73	072.96
0323.97	001623	-0266.01	-0276.81	072.96
0323.06	001655	-0265.10	-0275.90	072.96
0322.18	001609	-0264.23	-0275.03	072.96
0321.32	001586	-0263.37	-0274.17	072.96
0320.46	001614	-0262.50	-0273.30	072.96
0319.58	001655	-0261.62	-0272.42	072.96
0318.71	001723	-0260.76	-0271.56	072.96
0317.86	001641	-0259.91	-0270.71	072.96
0316.99	001786	-0259.03	-0269.83	072.96
0316.07	001723	-0258.11	-0268.91	072.96
0315.15	001791	-0257.19	-0267.99	072.96
0314.27	001695	-0256.31	-0267.11	072.96
0313.40	001682	-0255.45	-0266.25	072.96
0312.54	001755	-0254.58	-0265.38	072.96
0311.65	001732	-0253.70	-0264.50	072.96
0310.78	001695	-0252.83	-0263.63	072.96
0309.93	001686	-0251.97	-0262.77	072.96
0309.07	001927	-0251.11	-0261.91	072.96
0308.15	001673	-0250.19	-0260.99	072.96
0307.23	001705	-0249.28	-0260.08	072.96
0306.36	001764	-0248.40	-0259.20	072.96
0305.51	001673	-0247.55	-0258.35	072.96
0304.65	001836	-0246.70	-0257.50	072.96
0303.78	001818	-0245.82	-0256.62	072.96
0302.91	001700	-0244.96	-0255.76	072.96
0302.07	001673	-0244.11	-0254.91	072.96
0301.18	001705	-0243.22	-0254.02	072.96
0300.22	001873	-0242.26	-0253.06	072.96
0299.28	001709	-0241.33	-0252.13	072.96
0298.39	001677	-0240.43	-0251.23	072.96
0297.53	001673	-0239.58	-0250.38	072.96
0296.66	001727	-0238.70	-0249.50	072.96
0295.79	001736	-0237.83	-0248.63	072.96
0294.91	001668	-0236.95	-0247.75	072.96
0294.05	001736	-0236.09	-0246.89	072.96
0293.14	001823	-0235.18	-0245.98	072.96
0292.21	001686	-0234.25	-0245.05	072.96
0291.32	001841	-0233.36	-0244.16	072.96
0290.45	001700	-0232.49	-0243.29	072.96
0289.59	001682	-0231.63	-0242.43	072.96
0288.71	001759	-0230.75	-0241.55	072.96
0287.82	001791	-0229.87	-0240.67	072.96
0286.96	001805	-0229.01	-0239.81	072.96
0286.11	001750	-0228.15	-0238.95	072.96
0285.20	001727	-0227.25	-0238.05	072.96
0284.27	001718	-0226.32	-0237.12	072.96
0283.38	001700	-0225.42	-0236.22	072.96
0282.51	001741	-0224.55	-0235.35	072.96
0281.65	001959	-0223.69	-0234.49	072.96
0280.76	001682	-0222.81	-0233.61	072.96
0279.88	001727	-0221.92	-0232.72	072.96
0279.03	001673	-0221.07	-0231.87	072.96
0278.17	001714	-0220.21	-0231.01	072.96
0277.26	001768	-0219.31	-0230.11	072.96
0276.34	001705	-0218.38	-0229.18	072.96
0275.44	001905	-0217.49	-0228.29	072.96
0274.57	001773	-0216.62	-0227.42	072.96
0273.73	001827	-0215.77	-0226.57	072.96
0272.86	001623	-0214.90	-0225.70	072.96
0271.98	001750	-0214.02	-0224.82	072.96
0271.12	001895	-0213.16	-0223.96	072.96
0270.26	001773	-0212.31	-0223.11	072.96
0269.36	001759	-0211.40	-0222.20	072.96
0268.42	001800	-0210.46	-0221.26	072.96
0267.50	001677	-0209.54	-0220.34	072.96
0266.63	001768	-0208.67	-0219.47	072.96
0265.78	001905	-0207.82	-0218.62	072.96
0264.90	001900	-0206.94	-0217.74	072.96
0264.01	001795	-0206.06	-0216.86	072.96
0263.14	001991	-0205.19	-0215.99	072.96
0262.28	001845	-0204.33	-0215.13	072.96
0261.37	001832	-0203.41	-0214.21	072.96
0260.46	001682	-0202.50	-0213.30	072.96
0259.56	001659	-0201.61	-0212.41	072.96
0258.70	001686	-0200.74	-0211.54	072.96
0257.83	001823	-0199.88	-0210.68	072.96
0256.96	001695	-0199.00	-0209.80	072.96
0256.08	001773	-0198.13	-0208.93	072.96
0255.24	001995	-0197.28	-0208.08	072.96
0254.37	001773	-0196.41	-0207.21	072.96
0253.45	001995	-0195.49	-0206.29	072.96
0252.53	001741	-0194.58	-0205.38	072.96
0251.65	001909	-0193.69	-0204.49	072.96
0250.77	001918	-0192.82	-0203.62	072.96
0249.91	001755	-0191.96	-0202.76	072.96
0249.03	001800	-0191.08	-0201.88	072.96
0248.16	001923	-0190.21	-0201.01	072.96
0247.30	001855	-0189.34	-0200.14	072.96
0246.42	001823	-0188.46	-0199.26	072.96
0245.50	001850	-0187.55	-0198.35	072.96
0244.59	001750	-0186.64	-0197.44	072.96
0243.72	001595	-0185.76	-0196.56	072.96
0242.87	001827	-0184.91	-0195.71	072.96
0242.01	001814	-0184.05	-0194.85	072.96
0241.13	001914	-0183.17	-0193.97	072.96
0240.26	001955	-0182.31	-0193.11	072.96
0239.42	001936	-0181.46	-0192.26	072.96
0238.54	001959	-0180.59	-0191.39	072.96
0237.60	001909	-0179.64	-0190.44	072.96
0236.67	001886	-0178.71	-0189.51	072.96
0235.76	001768	-0177.81	-0188.61	072.96
0234.92	001977	-0176.96	-0187.76	072.96
0234.05	001768	-0176.09	-0186.89	072.96
0233.16	001832	-0175.20	-0186.00	072.96
0232.28	001705	-0174.33	-0185.13	072.96
0231.43	001886	-0173.47	-0184.27	072.96
0230.53	001882	-0172.58	-0183.38	072.96
0229.61	001827	-0171.65	-0182.45	072.96
0228.70	001905	-0170.75	-0181.55	072.96
0227.82	001864	-0169.86	-0180.66	072.96
0226.97	001791	-0169.02	-0179.82	072.96
0226.10	001927	-0168.14	-0178.94	072.96
0225.22	001995	-0167.27	-0178.07	072.96
0224.36	002091	-0166.40	-0177.20	072.96
0223.50	001950	-0165.54	-0176.34	072.96
0222.61	001677	-0164.65	-0175.45	072.96
0221.69	002045	-0163.74	-0174.54	072.96
0220.78	001773	-0162.83	-0173.63	072.96
0219.90	001800	-0161.94	-0172.74	072.96
0219.03	002150	-0161.08	-0171.88	072.96
0218.15	001977	-0160.19	-0170.99	072.96
0217.28	001859	-0159.33	-0170.13	072.96
0216.42	001968	-0158.46	-0169.26	072.96
0215.56	001950	-0157.61	-0168.41	072.96
0214.66	002027	-0156.71	-0167.51	072.96
0213.74	001773	-0155.78	-0166.58	072.96
0212.85	001927	-0154.89	-0165.69	072.96
0211.98	001936	-0154.02	-0164.82	072.96
0211.12	001977	-0153.17	-0163.97	072.96
0210.24	001995	-0152.28	-0163.08	072.96
0209.37	001964	-0151.41	-0162.21	072.96
0208.53	001927	-0150.57	-0161.37	072.96
0207.67	002023	-0149.71	-0160.51	072.96
0206.76	001836	-0148.81	-0159.61	072.96
0205.84	001900	-0147.88	-0158.68	072.96
0204.93	002082	-0146.98	-0157.78	072.96
0204.05	001977	-0146.09	-0156.89	072.96
0203.19	001914	-0145.24	-0156.04	072.96
0202.29	002114	-0144.34	-0155.14	072.96
0201.42	002168	-0143.46	-0154.26	072.96
0200.56	001973	-0142.60	-0153.40	072.96
0199.70	002250	-0141.74	-0152.54	072.96
0198.80	002100	-0140.84	-0151.64	072.96
0197.87	002082	-0139.92	-0150.72	072.96
0196.97	002023	-0139.02	-0149.82	072.96
0196.11	002232	-0138.15	-0148.95	072.96
0195.26	002150	-0137.30	-0148.10	072.96
0194.39	002341	-0136.43	-0147.23	072.96
0193.51	002232	-0135.55	-0146.35	072.96
0192.66	002114	-0134.70	-0145.50	072.96
0191.79	002291	-0133.84	-0144.64	072.96
0190.89	002259	-0132.94	-0143.74	072.96
0189.98	002291	-0132.02	-0142.82	072.96
0189.08	002177	-0131.12	-0141.92	072.96
0188.20	002050	-0130.24	-0141.04	072.96
0187.33	002095	-0129.38	-0140.18	072.96
0186.46	002145	-0128.51	-0139.31	072.96
0185.59	002277	-0127.63	-0138.43	072.96
0184.73	002341	-0126.77	-0137.57	072.96
0183.85	002255	-0125.89	-0136.69	072.96
0182.96	002327	-0125.00	-0135.80	072.96
0182.09	002445	-0124.14	-0134.94	072.96
0181.22	002336	-0123.27	-0134.07	072.96
0180.36	002314	-0122.41	-0133.21	072.96
0179.51	002455	-0121.55	-0132.35	072.96
0178.64	002295	-0120.68	-0131.48	072.96
0177.76	002577	-0119.81	-0130.61	072.96
0176.93	002468	-0118.97	-0129.77	072.96
0176.04	002427	-0118.09	-0128.89	072.96
0175.09	002309	-0117.13	-0127.93	072.96
0174.15	002355	-0116.20	-0127.00	072.96
0173.25	002295	-0115.30	-0126.10	072.96
0172.40	002355	-0114.44	-0125.24	072.96
0171.52	002677	-0113.56	-0124.36	072.96
0170.63	002595	-0112.68	-0123.48	072.96
0169.76	002732	-0111.81	-0122.61	072.96
0168.91	002573	-0110.95	-0121.75	072.96
0168.02	002650	-0110.06	-0120.86	072.96
0167.09	002855	-0109.14	-0119.94	072.96
0166.17	002723	-0108.22	-0119.02	072.96
0165.29	002891	-0107.33	-0118.13	072.96
0164.44	003173	-0106.49	-0117.29	072.96
0163.58	003273	-0105.63	-0116.43	072.96
0162.70	003186	-0104.74	-0115.54	072.96
0161.83	003145	-0103.88	-0114.68	072.96
0160.97	003282	-0103.02	-0113.82	072.96
0160.09	003173	-0102.14	-0112.94	072.96
0159.17	003205	-0101.21	-0112.01	072.96
0158.25	003114	-0100.29	-0111.09	072.96
0157.36	003691	-0099.41	-0110.21	072.96
0156.50	003323	-0098.55	-0109.35	072.96
0155.63	003186	-0097.67	-0108.47	072.96
0154.75	003164	-0096.79	-0107.59	072.96
0153.88	003350	-0095.93	-0106.73	072.96
0153.03	003364	-0095.07	-0105.87	072.96
0152.14	003427	-0094.18	-0104.98	072.96
0151.21	003918	-0093.25	-0104.05	072.96
0150.32	003891	-0092.36	-0103.16	072.96
0149.44	003568	-0091.48	-0102.28	072.96
0148.59	003823	-0090.63	-0101.43	072.96
0147.71	004132	-0089.76	-0100.56	072.96
0146.85	003873	-0088.89	-0099.69	072.96
0146.00	004332	-0088.04	-0098.84	072.96
0145.13	003909	-0087.18	-0097.98	072.96
0144.23	004232	-0086.27	-0097.07	072.96
0143.29	004227	-0085.34	-0096.14	072.96
0142.38	004505	-0084.43	-0095.23	072.96
0141.51	004700	-0083.55	-0094.35	072.96
0140.65	004518	-0082.69	-0093.49	072.96
0139.76	004755	-0081.81	-0092.61	072.96
0138.88	004741	-0080.92	-0091.72	072.96
0138.02	004859	-0080.06	-0090.86	072.96
0137.17	005136	-0079.21	-0090.01	072.96
0136.25	004936	-0078.30	-0089.10	072.96
0135.33	005164	-0077.37	-0088.17	072.96
0134.43	004932	-0076.48	-0087.28	072.96
0133.57	005005	-0075.62	-0086.42	072.96
0132.71	005232	-0074.76	-0085.56	072.96
0131.83	004918	-0073.87	-0084.67	072.96
0130.96	005159	-0073.01	-0083.81	072.96
0130.10	005032	-0072.14	-0082.94	072.96
0129.25	005332	-0071.29	-0082.09	072.96
0128.34	005273	-0070.39	-0081.19	072.96
0127.41	005386	-0069.46	-0080.26	072.96
0126.51	005355	-0068.56	-0079.36	072.96
0125.66	005123	-0067.70	-0078.50	072.96
0124.80	005673	-0066.84	-0077.64	072.96
0123.92	005455	-0065.96	-0076.76	072.96
0123.03	005332	-0065.08	-0075.88	072.96
0122.16	005318	-0064.21	-0075.01	072.96
0121.30	005377	-0063.35	-0074.15	072.96
0120.40	005200	-0062.44	-0073.24	072.96
0119.48	005064	-0061.53	-0072.33	072.96
0118.60	005314	-0060.64	-0071.44	072.96
0117.74	005327	-0059.78	-0070.58	072.96
0116.88	005177	-0058.93	-0069.73	072.96
0116.02	005073	-0058.06	-0068.86	072.96
0115.15	005027	-0057.19	-0067.99	072.96
0114.30	004755	-0056.34	-0067.14	072.96
0113.43	004723	-0055.47	-0066.27	072.96
0112.50	004627	-0054.54	-0065.34	072.96
0111.57	004541	-0053.62	-0064.42	072.96
0110.67	004468	-0052.71	-0063.51	072.96
0109.80	004695	-0051.84	-0062.64	072.96
0108.93	004223	-0050.97	-0061.77	072.96
0108.04	004318	-0050.09	-0060.89	072.96
0107.17	004245	-0049.22	-0060.02	072.96
0106.31	003986	-0048.36	-0059.16	072.96
0105.44	003932	-0047.48	-0058.28	072.96
0104.51	003705	-0046.55	-0057.35	072.96
0103.59	003545	-0045.64	-0056.44	072.96
0102.71	003459	-0044.75	-0055.55	072.96
0101.85	003532	-0043.90	-0054.70	072.96
0100.99	003282	-0043.04	-0053.84	072.96
0100.11	003200	-0042.16	-0052.96	072.96
0099.24	003345	-0041.29	-0052.09	072.96
0098.39	003045	-0040.43	-0051.23	072.96
0097.51	003041	-0039.56	-0050.36	072.96
0096.58	003023	-0038.63	-0049.43	072.96
0095.67	002932	-0037.71	-0048.51	072.96
0094.78	002877	-0036.82	-0047.62	072.96
0093.93	002814	-0035.97	-0046.77	072.96
0093.05	002941	-0035.10	-0045.90	072.96
0092.17	002650	-0034.21	-0045.01	072.96
0091.30	002600	-0033.34	-0044.14	072.96
0090.44	002655	-0032.49	-0043.29	072.96
0089.56	002600	-0031.61	-0042.41	072.96
0088.64	002641	-0030.69	-0041.49	072.96
0087.74	002491	-0029.78	-0040.58	072.96
0086.86	002482	-0028.91	-0039.71	072.96
0086.00	002623	-0028.05	-0038.85	072.96
0085.15	002500	-0027.19	-0037.99	072.96
0084.27	002268	-0026.32	-0037.12	072.96
0083.39	002382	-0025.44	-0036.24	072.96
0082.53	002536	-0024.58	-0035.38	072.96
0081.63	002350	-0023.68	-0034.48	072.96
0080.70	002345	-0022.75	-0033.55	072.96
0079.80	002309	-0021.84	-0032.64	072.96
0078.91	002214	-0020.96	-0031.76	072.96
0078.05	002377	-0020.09	-0030.89	072.96
0077.17	002168	-0019.21	-0030.01	072.96
0076.29	002195	-0018.34	-0029.14	072.96
0075.42	002195	-0017.47	-0028.27	072.96
0074.56	002223	-0016.61	-0027.41	072.96
0073.66	002232	-0015.71	-0026.51	072.96
0072.74	002195	-0014.78	-0025.58	072.96
0071.85	001918	-0013.90	-0024.70	072.96
0070.98	002127	-0013.03	-0023.83	072.96
0070.13	002173	-0012.18	-0022.98	072.96
0069.25	002259	-0011.30	-0022.10	072.96
0068.38	002173	-0010.42	-0021.22	072.96
0067.52	002118	-0009.57	-0020.37	072.96
0066.67	002127	-0008.72	-0019.52	072.96
0065.77	002223	-0007.82	-0018.62	072.96
0064.84	002132	-0006.89	-0017.69	072.96
0063.94	002132	-0005.99	-0016.79	072.96
0063.07	002114	-0005.12	-0015.92	072.96
0062.22	001968	-0004.26	-0015.06	072.96
0061.34	001873	-0003.38	-0014.18	072.96
0060.46	001918	-0002.50	-0013.30	072.96
0059.59	002005	-0001.64	-0012.44	072.96
0058.73	002145	-0000.78	-0011.58	072.96
0057.83	002168	0000.12	-0010.68	072.96
0056.93	002118	0001.03	-0009.77	072.96
0056.03	002050	0001.92	-0008.88	072.96
0055.17	002105	0002.79	-0008.01	072.96
0054.32	002032	0003.64	-0007.16	072.96
0053.46	002018	0004.50	-0006.30	072.96
0052.58	002273	0005.38	-0005.42	072.96
0051.73	001986	0006.23	-0004.57	072.96
0050.86	002364	0007.10	-0003.70	072.96
0049.91	002341	0008.05	-0002.75	072.96
0048.95	002318	0009.00	-0001.80	072.96
0048.04	002500	0009.91	-0000.89	072.96
0047.17	002345	0010.78	-0000.02	072.96
0046.26	002486	0011.70	0000.90	072.96
0046.02	002705	0011.94	0001.14	072.96
0046.02	002536	0011.94	0001.14	072.96
0046.02	002709	0011.94	0001.14	072.96
0046.02	002523	0011.93	0001.13	072.96
0046.02	002568	0011.94	0001.14	072.96
0046.02	002455	0011.94	0001.14	072.96
0046.02	002605	0011.93	0001.13	072.96
0046.02	002741	0011.93	0001.13	072.96
0046.02	002686	0011.94	0001.14	072.96
0046.02	002668	0011.94	0001.14	072.96
0046.02	002850	0011.94	0001.14	072.96
0046.02	002518	0011.94	0001.14	072.96
0046.00	002682	0011.96	0001.16	072.96
0045.96	002809	0012.00	0001.20	072.96
0045.92	002741	0012.04	0001.24	072.96
0045.90	002818	0012.06	0001.26	072.96
0045.87	002632	0012.08	0001.28	072.96
0045.87	002918	0012.09	0001.29	072.96
0045.87	002845	0012.09	0001.29	072.96
0045.87	003068	0012.09	0001.29	072.96
0045.87	003005	0012.09	0001.29	072.96
0045.87	002950	0012.09	0001.29	072.96
0045.87	002968	0012.09	0001.29	072.96
0045.87	003164	0012.09	0001.29	072.96
0045.87	002941	0012.09	0001.29	072.96
0045.87	003114	0012.09	0001.29	072.96
0045.87	003114	0012.09	0001.29	072.96
0045.87	002927	0012.09	0001.29	072.96
0045.87	003118	0012.09	0001.29	072.96
0045.87	002932	0012.09	0001.29	072.96
0045.87	003250	0012.09	0001.29	072.96
0045.87	003573	0012.09	0001.29	072.96
0045.87	003414	0012.09	0001.29	072.96
0045.87	003282	0012.09	0001.29	072.96
0045.87	003355	0012.09	0001.29	072.96
0045.87	003109	0012.09	0001.29	072.96
0045.87	003236	0012.09	0001.29	072.96
0045.87	003668	0012.09	0001.29	072.96
0045.87	003423	0012.09	0001.29	072.96
0045.87	003218	0012.09	0001.29	072.96
0045.87	003314	0012.09	0001.29	072.96
0045.87	003423	0012.08	0001.28	072.96
0045.87	003400	0012.09	0001.29	072.96
0045.87	003350	0012.09	0001.29	072.96
0045.87	003605	0012.09	0001.29	072.96

#S C A N  C A N C E L L E D
