#XPS-spectrum

#Date/time: 		 2018-12-19__09-30-41


#AK pressure: 	can 	 mbar
#Pass energy: 	109.1 		 eV
#Volt. bias: 	0.0 		 V
#E_Photon: 	1486.7 		 V
#I_Emission: 	10 		 mA
#Counttime: 	12000 		 ms
#Prevoltage: 	80 		 V
#Workfunction: 	5.1 		 eV
#Samples/eV: 	10 		 1/s
#TDAC: 	System.Windows.Forms.TextBox, Text: 1.207 		 V
#V_Lens: 	System.Windows.Forms.TextBox, Text: 4000 		 V
#Slope: 	0.0125 		 Samples/eV
#V_Channelt.: 	2800 		 V
#Flow cooling: 	0,0 		 l/min
#Slit: 	C1 	




#E_bind 	 cps 	 E_kin 	 V_hemo


0034.42	10499.99523	1447.18	3140614117.0	-1328.73
0034.53	10381.81818	1447.07	3149414117.0	-1328.62
0034.70	10600.00482	1446.90	3158214113.0	-1328.46
0034.86	10963.63636	1446.74	3167014113.0	-1328.29
0035.01	10609.08729	1446.59	3175814116.0	-1328.15
0035.13	10781.82186	1446.47	3184614113.0	-1328.02
0035.25	10531.81339	1446.35	3193414117.0	-1327.90
0035.34	10409.09564	1446.26	3202214113.0	-1327.82
0035.43	11013.63636	1446.17	3211014113.0	-1327.72
0035.52	10736.36120	1446.08	3219814115.0	-1327.63
0035.60	10613.63516	1446.00	3228614116.0	-1327.55
0035.70	10672.72242	1445.90	3237414120.0	-1327.45
0035.81	10522.73803	1445.79	3246214111.0	-1327.34
0035.94	10381.81700	1445.66	3255014112.0	-1327.22
0036.04	10768.17081	1445.56	3263814121.0	-1327.11
0036.16	10768.18916	1445.44	3272614115.0	-1326.99
0036.27	10613.63516	1445.33	3281414116.0	-1326.88
0036.37	10618.18785	1445.23	3290214111.0	-1326.78
0036.48	10727.26663	1445.12	3299014116.0	-1326.68
0036.56	10954.54794	1445.04	3307814114.0	-1326.59
0036.67	10945.45455	1444.93	3316614114.0	-1326.49
0036.78	11009.09091	1444.82	3325414114.0	-1326.37
0036.90	10899.99876	1444.70	3334214115.0	-1326.25
0037.00	10990.91409	1444.60	3343014111.0	-1326.15
0037.13	10699.99027	1444.47	3351814119.0	-1326.02
0037.24	10877.28138	1444.36	3360614112.0	-1325.91
0037.34	11022.71600	1444.26	3369414121.0	-1325.81
0037.45	10790.91154	1444.15	3378214119.0	-1325.70
0037.55	10809.10196	1444.05	3387014110.0	-1325.60
0037.66	11372.72469	1443.94	3395814112.0	-1325.49
0037.76	11695.44524	1443.84	3404614119.0	-1325.39
0037.88	11468.18312	1443.72	3413414118.0	-1325.28
0037.98	11449.99610	1443.62	3422214121.0	-1325.17
0038.09	11459.09872	1443.51	3431014115.0	-1325.07
0038.20	11986.35819	1443.40	3439814119.0	-1324.95
0038.30	11781.82086	1443.30	3448614117.0	-1324.85
0038.41	11440.91169	1443.19	3457414115.0	-1324.74
0038.50	11690.90909	1443.10	3466214115.0	-1324.66
0038.63	12290.91049	1442.97	3475014114.0	-1324.52
0038.76	12295.45175	1442.84	3483814116.0	-1324.39
0038.88	12313.63776	1442.72	3492614115.0	-1324.27
0039.00	12768.18472	1442.60	3501414113.0	-1324.15
0039.10	12763.62911	1442.50	3510214118.0	-1324.05
0039.21	13427.27883	1442.39	3519014114.0	-1323.95
0039.31	13186.36064	1442.29	3527814116.0	-1323.84
0039.41	13668.18648	1442.19	3536614113.0	-1323.74
0039.50	13504.53778	1442.10	3545414118.0	-1323.65
0039.61	13881.82134	1441.99	3554214116.0	-1323.54
0039.72	13790.89812	1441.88	3563014123.0	-1323.43
0039.84	14331.83121	1441.76	3571814115.0	-1323.31
0039.95	13650.00000	1441.65	3580614115.0	-1323.21
0040.05	14813.64646	1441.55	3589414109.0	-1323.10
0040.12	14959.07901	1441.48	3598214116.0	-1323.03
0040.21	15313.63462	1441.39	3607014117.0	-1322.94
0040.30	15522.73786	1441.30	3615814111.0	-1322.85
0040.38	15759.08375	1441.22	3624614115.0	-1322.77
0040.47	16077.27455	1441.13	3633414114.0	-1322.68
0040.58	16172.71441	1441.02	3642214121.0	-1322.57
0040.68	16359.10392	1440.92	3651014114.0	-1322.47
0040.79	16777.26319	1440.81	3659814119.0	-1322.36
0040.91	17236.37343	1440.69	3668614114.0	-1322.24
0041.03	17172.71556	1440.57	3677414120.0	-1322.13
0041.14	17845.46468	1440.46	3686214115.0	-1322.02
0041.24	17818.18182	1440.36	3695014115.0	-1321.92
0041.34	18059.07860	1440.26	3703814121.0	-1321.81
0041.45	18686.37638	1440.15	3712614115.0	-1321.70
0041.55	18822.72086	1440.05	3721414118.0	-1321.60
0041.67	18968.17104	1439.93	3730214123.0	-1321.48
0041.77	18731.82457	1439.83	3739014120.0	-1321.38
0041.88	18540.90698	1439.72	3747814121.0	-1321.28
0041.98	19618.18851	1439.62	3756614118.0	-1321.17
0042.08	19795.46354	1439.52	3765414114.0	-1321.07
0042.19	20059.09091	1439.41	3774214114.0	-1320.97
0042.30	20340.91140	1439.30	3783014113.0	-1320.85
0042.48	20695.44984	1439.12	3791814115.0	-1320.68
0042.64	20463.63171	1438.96	3800614117.0	-1320.51
0042.78	19968.18636	1438.82	3809414115.0	-1320.37
0042.90	21081.80141	1438.70	3818214122.0	-1320.25
0043.00	20200.02066	1438.60	3827014113.0	-1320.15
0043.09	20522.72960	1438.51	3835814112.0	-1320.06
0043.18	20218.18871	1438.42	3844614109.0	-1319.97
0043.27	20286.35903	1438.33	3853414111.0	-1319.88
0043.36	20763.62457	1438.24	3862214116.0	-1319.80
0043.46	20950.00714	1438.14	3871014113.0	-1319.69
0043.57	20536.36364	1438.03	3879814113.0	-1319.58
0043.70	21268.16732	1437.90	3888614119.0	-1319.45
0043.81	21200.01445	1437.79	3897414113.0	-1319.34
0043.92	20363.63174	1437.68	3906214115.0	-1319.23
0044.04	21154.54065	1437.56	3915014117.0	-1319.11
0044.14	21118.16982	1437.46	3923814122.0	-1319.01
0044.24	20895.48541	1437.36	3932614109.0	-1318.91
0044.35	20872.71541	1437.25	3941414114.0	-1318.81
0044.46	20595.45221	1437.14	3950214115.0	-1318.69
0044.59	20713.63872	1437.01	3959014114.0	-1318.56
0044.72	20559.08857	1436.88	3967814115.0	-1318.43
0044.83	20586.37065	1436.77	3976614112.0	-1318.32
0044.94	20713.61518	1436.66	3985414121.0	-1318.21
0045.04	20763.65524	1436.56	3994214113.0	-1318.11
0045.15	20140.91138	1436.45	4003014112.0	-1318.01
0045.25	20849.99289	1436.35	4011814115.0	-1317.90
0045.34	20459.09323	1436.26	4020614114.0	-1317.81
0045.45	20613.62934	1436.15	4029414117.0	-1317.71
0045.56	19809.10216	1436.04	4038214112.0	-1317.59
0045.68	20659.07213	1435.92	4047014120.0	-1317.47
0045.78	19840.90684	1435.82	4055814121.0	-1317.37
0045.89	20168.20015	1435.71	4064614113.0	-1317.27
0045.99	20254.55006	1435.61	4073414111.0	-1317.16
0046.10	19936.36137	1435.50	4082214112.0	-1317.05
0046.19	19822.72277	1435.41	4091014114.0	-1316.96
0046.31	19418.17961	1435.29	4099814115.0	-1316.84
0046.45	19318.18621	1435.15	4108614113.0	-1316.71
0046.59	19604.52986	1435.01	4117414120.0	-1316.56
0046.73	19704.55665	1434.87	4126214115.0	-1316.42
0046.84	19577.28385	1434.76	4135014110.0	-1316.31
0046.95	19563.61858	1434.65	4143814118.0	-1316.21
0047.05	19022.73592	1434.55	4152614114.0	-1316.11
0047.15	19490.91795	1434.45	4161414110.0	-1316.00
0047.24	19404.53443	1434.36	4170214115.0	-1315.92
0047.32	19168.17311	1434.28	4179014119.0	-1315.83
0047.43	18772.73794	1434.17	4187814114.0	-1315.73
0047.54	19345.45674	1434.06	4196614113.0	-1315.61
0047.66	18890.90694	1433.94	4205414114.0	-1315.49
0047.77	18527.26852	1433.83	4214214116.0	-1315.38
0047.89	18922.71222	1433.71	4223014123.0	-1315.26
0048.00	19063.65153	1433.60	4231814116.0	-1315.15
0048.11	19086.37448	1433.49	4240614111.0	-1315.05
0048.19	18786.35937	1433.41	4249414113.0	-1314.96
0048.30	18822.72299	1433.30	4258214115.0	-1314.86
0048.40	18354.55171	1433.20	4267014112.0	-1314.75
0048.50	18568.17338	1433.10	4275814116.0	-1314.65
0048.62	18999.99352	1432.98	4284614119.0	-1314.53
0048.74	19300.00439	1432.86	4293414117.0	-1314.42
0048.86	-40.20375	1432.74	7246821.0	-1314.29
0048.96	19368.18622	1432.64	16046819.0	-1314.19
0049.07	19636.36810	1432.53	24846817.0	-1314.08
0049.17	20481.81353	1432.43	33646819.0	-1313.98
0049.27	21650.00984	1432.33	42446815.0	-1313.88
0049.37	21595.43737	1432.23	51246822.0	-1313.78
0049.49	22645.46741	1432.11	60046817.0	-1313.66
0049.60	23849.99729	1432.00	68846818.0	-1313.55
0049.70	25940.90909	1431.90	77646818.0	-1313.45
0049.81	26577.26669	1431.79	86446820.0	-1313.34
0049.91	28427.26950	1431.69	95246821.0	-1313.24
0050.02	30359.10471	1431.58	104046817.0	-1313.14
0050.12	31499.98568	1431.48	112846821.0	-1313.03
0050.25	35768.20621	1431.35	121646815.0	-1312.90
0050.41	39199.95100	1431.19	130446826.0	-1312.74
0050.56	41986.39703	1431.04	139246819.0	-1312.59
0050.71	45959.11702	1430.89	148046814.0	-1312.44
0050.81	49249.97761	1430.79	156846818.0	-1312.34
0050.91	51049.99420	1430.69	165646819.0	-1312.24
0051.01	55040.90909	1430.59	174446819.0	-1312.14
0051.09	56927.27920	1430.51	183246818.0	-1312.06
0051.19	59713.64993	1430.41	192046816.0	-1311.97
0051.29	61299.98607	1430.31	200846818.0	-1311.86
0051.40	65722.68993	1430.20	209646823.0	-1311.75
0051.51	68881.86515	1430.09	218446817.0	-1311.64
0051.62	71318.18182	1429.98	227246817.0	-1311.53
0051.73	72795.47109	1429.87	236046815.0	-1311.42
0051.84	75249.96580	1429.76	244846819.0	-1311.31
0051.95	77895.46340	1429.65	253646818.0	-1311.21
0052.05	80381.79078	1429.55	262446821.0	-1311.10
0052.16	82277.31013	1429.44	271246817.0	-1311.00
0052.25	84359.09091	1429.35	280046817.0	-1310.90
0052.37	84263.62679	1429.23	288846818.0	-1310.78
0052.50	85440.90909	1429.10	297646818.0	-1310.65
0052.61	87827.27273	1428.99	306446818.0	-1310.54
0052.72	88122.71726	1428.88	315246819.0	-1310.43
0052.83	88877.27273	1428.77	324046819.0	-1310.32
0052.94	89290.86850	1428.66	332846823.0	-1310.21
0053.04	91304.58696	1428.56	341646819.0	-1310.11
0053.14	89763.62616	1428.46	350446820.0	-1310.01
0053.24	91213.70892	1428.36	359246813.0	-1309.92
0053.35	91150.36253	1428.25	368046778.0	-1309.80
0053.46	91199.63727	1428.14	376846813.0	-1309.69
0053.57	90955.58938	1428.03	385646712.0	-1309.59
0053.67	90039.82452	1427.93	394446818.0	-1309.48
0053.79	92159.27942	1427.81	403246800.0	-1309.36
0053.89	90408.87516	1427.71	412046821.0	-1309.26
0054.00	90518.16125	1427.60	420846823.0	-1309.15
0054.10	90177.34446	1427.50	429646816.0	-1309.05
0054.21	89363.58559	1427.39	438446821.0	-1308.94
0054.34	88731.83835	1427.26	447246819.0	-1308.81
0054.48	88281.78809	1427.12	456046822.0	-1308.67
0054.61	87477.32243	1426.99	464846817.0	-1308.55
0054.71	86836.30443	1426.89	473646823.0	-1308.44
0054.83	87031.84785	1426.77	482446820.0	-1308.32
0054.94	85518.20125	1426.66	491246818.0	-1308.21
0055.03	85068.22049	1426.57	500046814.0	-1308.12
0055.12	83649.97148	1426.48	508846817.0	-1308.03
0055.21	83540.84264	1426.39	517646824.0	-1307.94
0055.32	83418.21026	1426.28	526446821.0	-1307.83
0055.43	82759.10972	1426.17	535246819.0	-1307.72
0055.55	84409.11968	1426.05	544046816.0	-1307.60
0055.67	84481.78938	1425.93	552846819.0	-1307.48
0055.77	83463.73121	1425.83	561646809.0	-1307.38
0055.88	83586.30665	1425.72	570446815.0	-1307.28
0055.99	82590.87155	1425.61	579246819.0	-1307.16
0056.08	83127.24439	1425.52	588046822.0	-1307.07
0056.18	83213.64582	1425.42	596846821.0	-1306.97
0056.27	84013.61727	1425.33	605646823.0	-1306.88
0056.38	82681.85576	1425.22	614446819.0	-1306.77
0056.49	82054.51748	1425.11	623246822.0	-1306.66
0056.59	83436.41104	1425.01	632046817.0	-1306.56
0056.71	82586.35425	1424.89	640846818.0	-1306.44
0056.82	82649.93426	1424.78	649646825.0	-1306.33
0056.93	81586.43781	1424.67	658446817.0	-1306.22
0057.03	81086.34521	1424.57	667246819.0	-1306.12
0057.14	79754.50014	1424.46	676046824.0	-1306.02
0057.25	78390.98036	1424.35	684846816.0	-1305.90
0057.36	76627.21177	1424.24	693646823.0	-1305.79
0057.47	75450.00857	1424.13	702446822.0	-1305.68
0057.57	73677.28110	1424.03	711246821.0	-1305.58
0057.68	71831.81002	1423.92	720046822.0	-1305.47
0057.78	70572.70321	1423.82	728846825.0	-1305.37
0057.89	68218.18182	1423.71	737646825.0	-1305.26
0057.99	65895.51445	1423.61	746446817.0	-1305.16
0058.12	63927.25093	1423.48	755246820.0	-1305.03
0058.27	59332.33060	1423.33	764046744.0	-1304.88
0058.43	56985.87149	1423.17	772846820.0	-1304.72
0058.55	55254.55173	1423.05	781646819.0	-1304.60
0058.67	51068.18762	1422.93	790446818.0	-1304.48
0058.77	50427.26700	1422.83	799246819.0	-1304.38
0058.87	50009.09659	1422.73	808046818.0	-1304.28
0058.96	46254.54020	1422.64	816846819.0	-1304.19
0059.05	44513.63131	1422.55	825646820.0	-1304.10
0059.16	44077.26271	1422.44	834446822.0	-1304.00
0059.26	41195.47327	1422.34	843246818.0	-1303.89
0059.37	40309.07717	1422.23	852046821.0	-1303.79
0059.50	39240.91355	1422.10	860846820.0	-1303.65
0059.60	37240.89640	1422.00	869646823.0	-1303.55
0059.71	36940.91749	1421.89	878446821.0	-1303.44
0059.82	35495.45455	1421.78	887246821.0	-1303.33
0059.93	35318.18182	1421.67	896046821.0	-1303.22
0060.02	34981.82613	1421.58	904846819.0	-1303.13
0060.13	34481.80643	1421.47	913646822.0	-1303.02
0060.24	34190.92852	1421.36	922446817.0	-1302.91
0060.37	33390.88632	1421.23	931246823.0	-1302.78
0060.49	32940.92781	1421.11	940046818.0	-1302.67
0060.59	32749.98884	1421.01	948846821.0	-1302.56
0060.71	32681.83675	1420.89	957646816.0	-1302.44
0060.81	32418.18182	1420.79	966446816.0	-1302.34
0060.90	32577.25792	1420.70	975246820.0	-1302.26
0061.00	32336.35629	1420.60	984046822.0	-1302.15
0061.10	31927.29087	1420.50	992846817.0	-1302.05
0061.21	32404.52704	1420.39	1001646822.0	-1301.94
0061.32	32022.75275	1420.28	1010446815.0	-1301.83
0061.45	31590.89832	1420.15	1019246818.0	-1301.70
0061.55	31481.78956	1420.05	1028046826.0	-1301.60
0061.67	31527.29064	1419.93	1036846821.0	-1301.49
0061.77	31440.92338	1419.83	1045646817.0	-1301.38
0061.87	32118.17087	1419.73	1054446820.0	-1301.28
0061.96	30781.82518	1419.64	1063246818.0	-1301.19
0062.08	31381.81818	1419.52	1072046818.0	-1301.07
0062.23	30786.37063	1419.37	1080846816.0	-1300.92
0062.36	31777.26912	1419.24	1089646817.0	-1300.79
0062.48	31486.35648	1419.12	1098446819.0	-1300.67
0062.61	30686.34969	1418.99	1107246823.0	-1300.54
0062.70	30586.38797	1418.90	1116046816.0	-1300.45
0062.80	31840.89100	1418.80	1124846821.0	-1300.35
0062.90	31272.72017	1418.70	1133646823.0	-1300.25
0063.00	31118.17121	1418.60	1142446826.0	-1300.15
0063.09	31668.20701	1418.51	1151246819.0	-1300.06
0063.21	31486.37079	1418.39	1160046817.0	-1299.95
0063.32	31090.89496	1418.28	1168846821.0	-1299.83
0063.43	30977.27977	1418.17	1177646819.0	-1299.72
0063.54	31204.53127	1418.06	1186446823.0	-1299.62
0063.65	31477.28346	1417.95	1195246820.0	-1299.50
0063.76	31286.33519	1417.84	1204046828.0	-1299.39
0063.86	31027.29388	1417.74	1212846822.0	-1299.29
0063.95	31422.74513	1417.65	1221646817.0	-1299.20
0064.05	30981.81818	1417.55	1230446817.0	-1299.10
0064.16	31663.62197	1417.44	1239246821.0	-1298.99
0064.27	31304.57391	1417.33	1248046813.0	-1298.89
0064.38	30772.69580	1417.22	1256846822.0	-1298.77
0064.49	31227.26918	1417.11	1265646823.0	-1298.66
0064.60	31113.64697	1417.00	1274446820.0	-1298.55
0064.72	31509.11597	1416.88	1283246813.0	-1298.44
0064.82	31190.88428	1416.78	1292046820.0	-1298.33
0064.92	31563.62560	1416.68	1300846823.0	-1298.23
0065.02	31372.73797	1416.58	1309646820.0	-1298.13
0065.13	32104.55275	1416.47	1318446818.0	-1298.02
0065.24	31836.34917	1416.36	1327246822.0	-1297.91
0065.35	31836.36725	1416.25	1336046821.0	-1297.81
0065.45	31490.90551	1416.15	1344846822.0	-1297.70
0065.56	31754.54906	1416.04	1353646821.0	-1297.59
0065.66	31850.01086	1415.94	1362446818.0	-1297.49
0065.78	31431.82175	1415.82	1371246817.0	-1297.38
0065.87	31577.26555	1415.73	1380046819.0	-1297.28
0065.99	31540.90909	1415.61	1388846819.0	-1297.16
0066.15	31827.26549	1415.45	1397646821.0	-1297.00
0066.30	31954.55635	1415.30	1406446818.0	-1296.85
0066.44	32681.81075	1415.16	1415246820.0	-1296.72
0066.55	31963.64363	1415.05	1424046818.0	-1296.60
0066.64	32468.16337	1414.96	1432846823.0	-1296.51
0066.73	31518.20689	1414.87	1441646816.0	-1296.42
0066.82	32354.53442	1414.78	1450446819.0	-1296.33
0066.92	32718.18925	1414.68	1459246817.0	-1296.23
0067.01	32413.62163	1414.59	1468046821.0	-1296.14
0067.13	32454.55652	1414.47	1476846818.0	-1296.02
0067.25	33495.46977	1414.35	1485646814.0	-1295.91
0067.36	32686.34135	1414.24	1494446820.0	-1295.79
0067.47	32490.90171	1414.13	1503246822.0	-1295.68
0067.58	32845.46574	1414.02	1512046819.0	-1295.57
0067.68	32395.43614	1413.92	1520846824.0	-1295.47
0067.78	33209.12110	1413.82	1529646816.0	-1295.37
0067.88	33181.79933	1413.72	1538446821.0	-1295.28
0067.99	32731.81074	1413.61	1547246823.0	-1295.16
0068.10	33236.36364	1413.50	1556046823.0	-1295.05
0068.21	32890.90535	1413.39	1564846824.0	-1294.94
0068.34	32745.45827	1413.26	1573646823.0	-1294.82
0068.44	32113.65461	1413.16	1582446818.0	-1294.71
0068.56	33618.18182	1413.04	1591246818.0	-1294.60
0068.67	32845.43588	1412.93	1600046823.0	-1294.49
0068.78	33054.56048	1412.82	1608846819.0	-1294.37
0068.86	33590.92054	1412.74	1617646816.0	-1294.29

#S C A N  C A N C E L L E D
