#UPS-spectrum

#Date/time: 	2018-03-26__18-55-32


#AK pressure: 	8,74E-9 	mbar
#Pass energy: 	15.0 	eV
#Volt. bias: 	-15.0 	V
#Volt. lens: 	-15.0 	V
#Step width: 	20.0 	meV
#Counttime: 	200.0 	ms
#Vor: 	16.0 	V
#Nach: 	5.0 	V
#slope: 	0.613 	V/s
#offset: 	-48.850 	V


#Slope: 	72.7 	mV/s
#Counttime: 	200.0 	ms




#E_k 	 cps 	 Ana 	 Hemi 	 Hemo 	 EP 	 Mt + 	 + meas


20,874	000211	-21,200	-20,254	-21,871	14,674	211	05
20,883	000213	-21,185	-20,236	-21,855	14,698	213	05
20,863	000205	-21,167	-20,218	-21,837	14,695	205	05
20,843	000217	-21,149	-20,200	-21,819	14,694	217	05
20,822	000207	-21,130	-20,181	-21,800	14,692	207	05
20,807	000213	-21,111	-20,162	-21,781	14,696	213	05
20,779	000209	-21,086	-20,137	-21,756	14,693	209	05
20,810	000207	-21,067	-20,113	-21,737	14,743	207	05
20,745	000211	-21,049	-20,099	-21,718	14,696	211	05
20,725	000215	-21,029	-20,080	-21,699	14,695	215	05
20,703	000216	-21,010	-20,061	-21,680	14,693	216	05
20,686	000207	-20,991	-20,043	-21,662	14,694	207	05
20,663	000212	-20,966	-20,017	-21,636	14,697	212	05
20,643	000214	-20,947	-19,999	-21,618	14,696	214	05
20,628	000221	-20,928	-19,979	-21,599	14,699	221	05
20,609	000214	-20,909	-19,960	-21,579	14,700	214	05
20,642	000216	-20,890	-19,935	-21,560	14,752	216	05
20,571	000208	-20,872	-19,922	-21,541	14,700	208	05
20,548	000208	-20,846	-19,897	-21,517	14,702	208	05
20,525	000230	-20,827	-19,878	-21,497	14,698	230	05
20,510	000209	-20,808	-19,858	-21,478	14,702	209	05
20,489	000217	-20,789	-19,839	-21,459	14,699	217	05
20,469	000213	-20,770	-19,820	-21,440	14,699	213	05
20,454	000216	-20,751	-19,801	-21,421	14,703	216	05
20,485	000235	-20,732	-19,776	-21,402	14,753	235	05
20,412	000240	-20,707	-19,757	-21,377	14,705	240	05
20,389	000216	-20,688	-19,738	-21,357	14,701	216	05
20,379	000235	-20,669	-19,718	-21,339	14,710	235	05
20,357	000240	-20,650	-19,699	-21,320	14,707	240	05
20,332	000216	-20,631	-19,680	-21,300	14,701	216	05
20,320	000233	-20,612	-19,661	-21,282	14,708	233	05
20,296	000243	-20,586	-19,636	-21,256	14,709	243	05
20,330	000239	-20,568	-19,611	-21,237	14,762	239	05
20,256	000237	-20,549	-19,598	-21,219	14,708	237	05
20,239	000242	-20,530	-19,579	-21,200	14,709	242	05
20,218	000241	-20,511	-19,560	-21,181	14,707	241	05
20,204	000207	-20,492	-19,541	-21,162	14,712	207	04
20,180	000205	-20,467	-19,516	-21,137	14,714	205	04
20,162	000245	-20,448	-19,497	-21,118	14,714	245	05
20,143	000252	-20,429	-19,478	-21,099	14,713	252	05
20,175	000233	-20,410	-19,453	-21,080	14,764	233	05
20,105	000206	-20,391	-19,440	-21,061	14,713	206	04
20,086	000246	-20,373	-19,421	-21,043	14,713	246	05
20,060	000206	-20,348	-19,396	-21,017	14,712	206	05
20,044	000240	-20,329	-19,377	-20,999	14,715	240	05
20,028	000251	-20,310	-19,359	-20,980	14,718	251	05
20,005	000243	-20,291	-19,340	-20,961	14,713	243	05
19,990	000239	-20,273	-19,321	-20,943	14,717	239	05
19,896	000235	-20,253	-19,302	-20,915	14,643	235	05
19,948	000253	-20,228	-19,277	-20,898	14,720	253	05
19,928	000223	-20,209	-19,258	-20,879	14,718	223	05
19,909	000210	-20,191	-19,239	-20,860	14,719	210	05
19,892	000215	-20,172	-19,220	-20,842	14,720	215	05
19,873	000212	-20,153	-19,201	-20,823	14,720	212	05
19,855	000215	-20,134	-19,182	-20,804	14,721	215	05
19,830	000227	-20,109	-19,156	-20,778	14,721	227	05
19,811	000222	-20,089	-19,137	-20,759	14,721	222	05
19,845	000207	-20,071	-19,113	-20,741	14,774	207	05
19,778	000211	-20,051	-19,099	-20,722	14,727	211	05
19,757	000211	-20,033	-19,081	-20,703	14,724	211	05
19,738	000222	-20,014	-19,062	-20,684	14,724	222	05
19,723	000221	-19,995	-19,043	-20,665	14,728	221	05
19,699	000208	-19,969	-19,017	-20,640	14,729	208	05
19,677	000211	-19,951	-18,998	-20,621	14,726	211	05
19,663	000216	-19,931	-18,979	-20,602	14,731	216	05
19,566	000216	-19,913	-18,961	-20,575	14,653	216	05
19,627	000216	-19,894	-18,941	-20,565	14,733	216	05
19,604	000213	-19,876	-18,923	-20,545	14,728	213	05
19,580	000208	-19,849	-18,897	-20,520	14,730	208	05
19,561	000213	-19,831	-18,879	-20,501	14,729	213	05
19,548	000238	-19,812	-18,859	-20,482	14,736	238	05
19,525	000215	-19,794	-18,841	-20,464	14,731	215	05
19,509	000208	-19,774	-18,821	-20,445	14,735	208	05
19,490	000238	-19,756	-18,803	-20,426	14,735	238	05
19,517	000208	-19,730	-18,771	-20,401	14,787	208	05
19,446	000209	-19,712	-18,759	-20,382	14,734	209	05
19,427	000214	-19,693	-18,740	-20,363	14,734	214	05
19,410	000220	-19,674	-18,721	-20,344	14,736	220	05
19,394	000224	-19,655	-18,702	-20,326	14,739	224	05
19,377	000226	-19,636	-18,683	-20,307	14,741	226	05
19,352	000234	-19,611	-18,658	-20,282	14,741	234	05
19,332	000226	-19,592	-18,639	-20,263	14,740	226	05
19,363	000226	-19,573	-18,614	-20,244	14,789	226	05
19,295	000210	-19,555	-18,601	-20,225	14,740	210	05
19,277	000209	-19,535	-18,581	-20,205	14,742	209	05
19,257	000235	-19,516	-18,562	-20,186	14,742	235	05
19,231	000233	-19,491	-18,537	-20,161	14,741	233	05
19,215	000219	-19,472	-18,518	-20,142	14,743	219	05
19,195	000258	-19,453	-18,499	-20,123	14,743	258	05
19,175	000226	-19,434	-18,480	-20,104	14,742	226	05
19,062	000207	-19,414	-18,461	-20,075	14,648	207	04
19,138	000234	-19,395	-18,441	-20,066	14,743	234	05
19,121	000225	-19,376	-18,422	-20,047	14,744	225	05
19,097	000226	-19,351	-18,397	-20,022	14,746	226	05
19,076	000220	-19,332	-18,378	-20,002	14,744	220	05
19,060	000217	-19,313	-18,359	-19,983	14,747	217	04
19,037	000225	-19,294	-18,340	-19,964	14,743	225	05
19,019	000214	-19,275	-18,321	-19,945	14,745	214	05
19,005	000217	-19,256	-18,302	-19,927	14,748	217	05
19,029	000224	-19,231	-18,271	-19,901	14,798	224	05
18,963	000208	-19,212	-18,257	-19,882	14,751	208	04
18,939	000227	-19,193	-18,238	-19,863	14,746	227	05
18,923	000206	-19,174	-18,219	-19,844	14,749	206	04
18,903	000221	-19,155	-18,201	-19,826	14,748	221	05
18,885	000221	-19,136	-18,182	-19,807	14,748	221	05
18,857	000224	-19,111	-18,157	-19,781	14,746	224	05
18,842	000225	-19,093	-18,138	-19,763	14,750	225	05
18,872	000254	-19,074	-18,114	-19,744	14,799	254	05
18,806	000219	-19,055	-18,100	-19,725	14,751	219	05
18,786	000224	-19,036	-18,081	-19,706	14,749	224	05
18,767	000215	-19,017	-18,063	-19,688	14,750	215	05
18,739	000206	-18,992	-18,038	-19,662	14,747	206	05
18,737	000207	-18,974	-18,018	-19,645	14,763	207	05
18,718	000206	-18,956	-18,000	-19,626	14,763	206	05
18,695	000218	-18,937	-17,981	-19,607	14,758	218	05
18,731	000206	-18,918	-17,956	-19,588	14,813	206	05
18,653	000209	-18,899	-17,944	-19,569	14,754	209	05
18,627	000213	-18,874	-17,919	-19,544	14,753	213	05
18,619	000214	-18,856	-17,899	-19,526	14,764	214	05
18,593	000225	-18,837	-17,881	-19,507	14,756	225	05
18,576	000214	-18,818	-17,862	-19,488	14,758	214	05
18,564	000215	-18,799	-17,843	-19,470	14,765	215	05
18,536	000209	-18,780	-17,825	-19,451	14,756	209	05
18,517	000217	-18,756	-17,800	-19,426	14,762	217	05
18,543	000206	-18,737	-17,776	-19,407	14,806	206	05
18,478	000225	-18,718	-17,762	-19,388	14,760	225	05
18,460	000206	-18,700	-17,744	-19,370	14,761	206	05
18,438	000262	-18,681	-17,725	-19,351	14,758	262	05
18,429	000353	-18,662	-17,705	-19,332	14,767	353	03
18,405	000241	-18,643	-17,687	-19,313	14,763	241	05
18,381	000211	-18,618	-17,662	-19,289	14,763	211	05
18,370	000211	-18,599	-17,643	-19,270	14,770	211	05
18,392	000224	-18,580	-17,619	-19,251	14,811	224	05
18,329	000238	-18,562	-17,605	-19,232	14,767	238	05
18,307	000208	-18,543	-17,587	-19,214	14,764	208	05
18,296	000206	-18,525	-17,567	-19,195	14,771	206	05
18,271	000218	-18,500	-17,542	-19,170	14,772	218	05
18,250	000224	-18,481	-17,524	-19,151	14,770	224	05
18,233	000223	-18,462	-17,505	-19,132	14,770	223	05
18,216	000242	-18,443	-17,486	-19,113	14,773	242	05
18,235	000226	-18,424	-17,463	-19,095	14,811	226	05
18,156	000208	-18,405	-17,450	-19,075	14,751	208	05
18,135	000208	-18,379	-17,425	-19,051	14,756	208	05
18,116	000218	-18,361	-17,406	-19,032	14,755	218	05
18,099	000221	-18,342	-17,387	-19,013	14,758	221	05
18,077	000227	-18,323	-17,368	-18,994	14,755	227	05
18,059	000217	-18,304	-17,349	-18,974	14,755	217	05
18,041	000240	-18,285	-17,330	-18,955	14,756	240	05
18,066	000242	-18,260	-17,299	-18,930	14,806	242	05
18,001	000237	-18,240	-17,285	-18,911	14,761	237	05
17,981	000238	-18,221	-17,266	-18,892	14,760	238	05
17,961	000231	-18,202	-17,247	-18,873	14,758	231	05
17,943	000242	-18,183	-17,228	-18,854	14,760	242	05
17,927	000242	-18,164	-17,209	-18,835	14,762	242	05
17,900	000242	-18,139	-17,184	-18,810	14,761	242	05
17,881	000238	-18,120	-17,165	-18,791	14,761	238	05
17,909	000217	-18,102	-17,141	-18,772	14,807	217	05
17,847	000242	-18,083	-17,127	-18,754	14,764	242	05
17,826	000240	-18,064	-17,109	-18,735	14,761	240	05
17,804	000207	-18,045	-17,090	-18,716	14,759	207	04
17,784	000245	-18,020	-17,065	-18,691	14,763	245	05
17,765	000216	-18,002	-17,046	-18,672	14,762	216	05
17,749	000228	-17,983	-17,027	-18,654	14,766	228	05
17,731	000242	-17,964	-17,008	-18,635	14,767	242	05
17,634	000240	-17,946	-16,989	-18,608	14,689	240	05
17,695	000239	-17,927	-16,970	-18,597	14,769	239	05
17,677	000246	-17,908	-16,951	-18,579	14,769	246	05
17,649	000211	-17,883	-16,926	-18,553	14,766	211	05
17,637	000212	-17,863	-16,907	-18,535	14,774	212	05
17,607	000212	-17,845	-16,888	-18,515	14,762	212	05
17,600	000211	-17,826	-16,869	-18,497	14,775	211	05
17,581	000222	-17,807	-16,850	-18,478	14,774	222	05
17,557	000215	-17,788	-16,831	-18,458	14,769	215	05
17,586	000213	-17,762	-16,800	-18,434	14,823	213	05
17,519	000206	-17,743	-16,787	-18,415	14,776	206	05
17,500	000208	-17,725	-16,768	-18,396	14,776	208	05
17,477	000211	-17,706	-16,749	-18,376	14,771	211	05
17,461	000214	-17,686	-16,730	-18,358	14,775	214	05
17,440	000211	-17,667	-16,711	-18,338	14,772	211	05
17,421	000212	-17,642	-16,685	-18,314	14,779	212	05
17,397	000211	-17,624	-16,666	-18,294	14,774	211	05
17,312	000222	-17,605	-16,647	-18,268	14,708	222	05
17,362	000207	-17,585	-16,628	-18,256	14,778	207	05
17,347	000211	-17,566	-16,609	-18,237	14,781	211	05
17,326	000208	-17,547	-16,590	-18,218	14,778	208	05
17,303	000207	-17,522	-16,565	-18,193	14,780	207	05
17,282	000218	-17,504	-16,546	-18,174	14,778	218	05
17,263	000207	-17,484	-16,527	-18,155	14,779	207	05
17,248	000214	-17,467	-16,508	-18,137	14,781	214	05
17,229	000212	-17,449	-16,489	-18,117	14,780	212	05
17,259	000221	-17,430	-16,465	-18,099	14,829	221	05
17,188	000211	-17,405	-16,445	-18,073	14,783	211	05
17,167	000220	-17,386	-16,426	-18,054	14,781	220	05
17,149	000211	-17,366	-16,406	-18,035	14,783	211	05
17,128	000225	-17,348	-16,388	-18,016	14,780	225	05
17,115	000206	-17,328	-16,369	-17,998	14,787	206	05
17,096	000218	-17,309	-16,349	-17,978	14,786	218	05
17,067	000221	-17,284	-16,324	-17,953	14,783	221	05
17,050	000220	-17,266	-16,305	-17,934	14,784	220	05
17,076	000212	-17,246	-16,281	-17,915	14,829	212	05
17,014	000231	-17,228	-16,267	-17,896	14,786	231	05
16,994	000224	-17,209	-16,248	-17,877	14,785	224	05
16,976	000223	-17,190	-16,229	-17,858	14,786	223	05
16,957	000219	-17,170	-16,210	-17,839	14,787	219	05
16,933	000217	-17,146	-16,185	-17,814	14,788	217	05
16,917	000226	-17,126	-16,165	-17,795	14,791	226	05
16,899	000215	-17,107	-16,146	-17,776	14,792	215	05
16,924	000236	-17,088	-16,123	-17,757	14,836	236	05
16,858	000229	-17,069	-16,109	-17,738	14,788	229	05
16,844	000213	-17,050	-16,089	-17,719	14,794	213	05
16,820	000217	-17,025	-16,064	-17,694	14,795	217	05
16,799	000216	-17,006	-16,045	-17,675	14,792	216	05
16,780	000217	-16,987	-16,026	-17,656	14,793	217	05
16,762	000251	-16,968	-16,007	-17,637	14,794	251	05
16,746	000225	-16,949	-15,988	-17,618	14,796	225	05
16,769	000246	-16,931	-15,964	-17,599	14,838	246	05
16,702	000226	-16,906	-15,944	-17,574	14,797	226	05
16,682	000207	-16,886	-15,925	-17,555	14,796	207	04
16,664	000223	-16,868	-15,906	-17,536	14,797	223	05
16,646	000222	-16,849	-15,888	-17,518	14,797	222	05
16,626	000225	-16,830	-15,868	-17,499	14,796	225	05
16,609	000206	-16,811	-15,849	-17,480	14,798	206	04
16,601	000235	-16,786	-15,825	-17,457	14,815	235	05
16,630	000217	-16,767	-15,801	-17,438	14,863	217	05
16,566	000248	-16,749	-15,787	-17,419	14,817	248	05
16,546	000224	-16,729	-15,768	-17,400	14,816	224	05
16,528	000226	-16,711	-15,749	-17,382	14,818	226	05
16,513	000218	-16,692	-15,730	-17,363	14,820	218	05
16,490	000219	-16,667	-15,705	-17,338	14,823	219	05
16,471	000208	-16,648	-15,686	-17,319	14,822	208	05
16,453	000209	-16,630	-15,667	-17,301	14,824	209	05
16,436	000210	-16,611	-15,648	-17,282	14,825	210	05
16,456	000215	-16,592	-15,625	-17,263	14,865	215	05
16,396	000215	-16,573	-15,611	-17,244	14,823	215	05
16,368	000215	-16,548	-15,586	-17,219	14,820	215	05
16,355	000231	-16,529	-15,566	-17,200	14,826	231	05
16,333	000209	-16,510	-15,547	-17,180	14,824	209	05
16,320	000208	-16,491	-15,528	-17,162	14,829	208	05
16,301	000217	-16,472	-15,509	-17,143	14,829	217	05
16,274	000207	-16,453	-15,491	-17,124	14,821	207	05
16,190	000224	-16,434	-15,471	-17,097	14,756	224	05
16,240	000213	-16,408	-15,445	-17,080	14,832	213	05
16,213	000210	-16,389	-15,427	-17,060	14,824	210	05
16,204	000215	-16,371	-15,407	-17,042	14,833	215	05
16,182	000216	-16,352	-15,389	-17,023	14,830	216	05
16,156	000206	-16,333	-15,370	-17,003	14,823	206	05
16,151	000206	-16,314	-15,351	-16,985	14,837	206	05
16,113	000206	-16,289	-15,326	-16,960	14,824	206	05
16,096	000208	-16,270	-15,308	-16,941	14,826	208	05
16,121	000212	-16,251	-15,284	-16,922	14,869	212	05
16,072	000214	-16,233	-15,269	-16,904	14,840	214	05
16,037	000214	-16,214	-15,251	-16,884	14,824	214	05
16,038	000214	-16,195	-15,231	-16,867	14,842	214	05
16,012	000215	-16,170	-15,206	-16,841	14,842	215	05
15,983	000220	-16,151	-15,188	-16,822	14,832	220	05
15,960	000214	-16,132	-15,169	-16,803	14,828	214	05
15,941	000214	-16,114	-15,151	-16,784	14,828	214	05
15,974	000217	-16,095	-15,126	-16,766	14,879	217	05
15,915	000224	-16,076	-15,112	-16,747	14,839	224	05
15,892	000215	-16,051	-15,086	-16,721	14,842	215	05
15,876	000213	-16,031	-15,067	-16,703	14,845	213	05
15,851	000219	-16,012	-15,049	-16,683	14,839	219	05
15,833	000229	-15,993	-15,030	-16,665	14,839	229	05
15,806	000215	-15,974	-15,011	-16,645	14,831	215	05
15,796	000232	-15,956	-14,992	-16,627	14,841	232	05
15,772	000221	-15,931	-14,967	-16,602	14,841	221	05
15,799	000212	-15,912	-14,943	-16,583	14,887	212	05
15,738	000214	-15,894	-14,929	-16,564	14,845	214	05
15,712	000226	-15,874	-14,910	-16,545	14,838	226	05
15,700	000204	-15,856	-14,891	-16,527	14,845	204	04
15,678	000230	-15,837	-14,873	-16,508	14,841	230	05
15,662	000234	-15,818	-14,854	-16,489	14,844	234	05
15,635	000246	-15,793	-14,829	-16,464	14,842	246	05
15,618	000204	-15,774	-14,810	-16,445	14,844	204	04
15,643	000253	-15,755	-14,786	-16,427	14,888	253	05
15,586	000241	-15,737	-14,772	-16,408	14,849	241	05
15,562	000243	-15,718	-14,753	-16,389	14,845	243	05
15,548	000205	-15,699	-14,734	-16,370	14,849	205	04
15,522	000246	-15,674	-14,709	-16,345	14,848	246	05
15,502	000244	-15,655	-14,690	-16,326	14,848	244	05
15,489	000242	-15,636	-14,670	-16,307	14,853	242	05
15,466	000244	-15,617	-14,652	-16,288	14,850	244	05
15,493	000246	-15,598	-14,628	-16,269	14,895	246	05
15,432	000241	-15,579	-14,613	-16,250	14,853	241	05
15,402	000204	-15,553	-14,588	-16,224	14,849	204	04
15,391	000246	-15,535	-14,569	-16,206	14,857	246	05
15,367	000214	-15,516	-14,550	-16,186	14,851	214	05
15,350	000212	-15,497	-14,531	-16,167	14,853	212	05
15,328	000214	-15,478	-14,512	-16,149	14,850	214	05
15,315	000215	-15,459	-14,493	-16,130	14,856	215	05
15,331	000212	-15,434	-14,463	-16,105	14,897	212	05
15,268	000213	-15,414	-14,449	-16,086	14,854	213	05
15,251	000215	-15,396	-14,430	-16,067	14,855	215	05
15,229	000206	-15,377	-14,411	-16,048	14,852	206	05
15,214	000214	-15,358	-14,392	-16,029	14,856	214	05
15,191	000205	-15,340	-14,374	-16,010	14,851	205	05
15,172	000206	-15,314	-14,349	-15,986	14,858	206	05
15,157	000215	-15,296	-14,330	-15,967	14,861	215	05
15,178	000209	-15,277	-14,307	-15,948	14,902	209	05
15,116	000209	-15,258	-14,292	-15,929	14,857	209	05
15,100	000210	-15,239	-14,274	-15,911	14,861	210	05
15,076	000214	-15,221	-14,255	-15,892	14,855	214	05
15,053	000206	-15,196	-14,230	-15,866	14,856	206	05
15,043	000211	-15,177	-14,211	-15,849	14,866	211	05
15,018	000206	-15,159	-14,192	-15,829	14,859	206	05
15,003	000214	-15,140	-14,173	-15,811	14,863	214	05
14,989	000211	-15,121	-14,154	-15,792	14,868	211	05
15,011	000216	-15,102	-14,131	-15,774	14,909	216	05
14,946	000214	-15,083	-14,117	-15,754	14,862	214	05
14,927	000214	-15,058	-14,092	-15,730	14,869	214	05
14,906	000215	-15,040	-14,073	-15,710	14,866	215	05
14,881	000215	-15,020	-14,054	-15,691	14,861	215	05
14,867	000214	-15,002	-14,035	-15,673	14,865	214	05
14,847	000215	-14,983	-14,016	-15,653	14,864	215	05
14,832	000216	-14,964	-13,997	-15,635	14,868	216	05
14,808	000207	-14,939	-13,971	-15,610	14,870	207	05
14,828	000221	-14,920	-13,948	-15,591	14,908	221	05
14,772	000215	-14,901	-13,934	-15,572	14,871	215	05
14,753	000235	-14,883	-13,916	-15,554	14,870	235	05
14,738	000215	-14,864	-13,897	-15,535	14,874	215	05
14,717	000224	-14,845	-13,877	-15,516	14,872	224	05
14,695	000209	-14,820	-13,852	-15,491	14,876	209	05
14,676	000220	-14,801	-13,833	-15,472	14,875	220	05
14,655	000214	-14,782	-13,815	-15,453	14,873	214	05
14,683	000223	-14,763	-13,791	-15,435	14,920	223	05
14,621	000215	-14,744	-13,777	-15,416	14,877	215	05
14,602	000246	-14,726	-13,758	-15,397	14,877	246	05
14,576	000219	-14,700	-13,733	-15,372	14,876	219	05
14,563	000209	-14,682	-13,713	-15,353	14,881	209	05
14,544	000221	-14,662	-13,694	-15,334	14,882	221	05
14,523	000206	-14,644	-13,676	-15,315	14,880	206	04
14,508	000242	-14,625	-13,656	-15,296	14,883	242	05
14,529	000246	-14,606	-13,633	-15,277	14,924	246	05
14,463	000219	-14,580	-13,612	-15,252	14,883	219	05
14,439	000211	-14,561	-13,593	-15,232	14,878	211	04
14,424	000234	-14,542	-13,573	-15,213	14,882	234	05
14,408	000225	-14,523	-13,555	-15,195	14,885	225	05
14,388	000215	-14,504	-13,536	-15,176	14,884	215	05
14,370	000215	-14,485	-13,517	-15,157	14,884	215	05
14,343	000253	-14,461	-13,492	-15,132	14,882	253	05
14,376	000205	-14,442	-13,468	-15,113	14,934	205	04
14,308	000254	-14,423	-13,454	-15,094	14,885	254	05
14,292	000205	-14,404	-13,436	-15,076	14,887	205	04
14,274	000220	-14,385	-13,416	-15,057	14,889	220	05
14,258	000214	-14,366	-13,397	-15,038	14,892	214	05
14,236	000229	-14,348	-13,379	-15,019	14,888	229	05
14,212	000221	-14,323	-13,353	-14,994	14,889	221	05
14,190	000222	-14,304	-13,335	-14,975	14,887	222	05
14,215	000206	-14,285	-13,311	-14,956	14,930	206	05
14,156	000214	-14,265	-13,296	-14,937	14,890	214	05
14,133	000205	-14,247	-13,278	-14,918	14,886	205	05
14,119	000206	-14,228	-13,259	-14,899	14,891	206	05
14,095	000216	-14,202	-13,233	-14,874	14,893	216	05
14,078	000207	-14,183	-13,214	-14,855	14,895	207	05
14,056	000218	-14,164	-13,195	-14,836	14,892	218	05
14,034	000213	-14,145	-13,176	-14,816	14,888	213	05
14,024	000214	-14,126	-13,157	-14,798	14,897	214	05
14,037	000225	-14,109	-13,135	-14,779	14,928	225	05
13,981	000206	-14,083	-13,113	-14,755	14,898	206	05
13,958	000205	-14,065	-13,095	-14,736	14,893	205	05
13,939	000206	-14,046	-13,076	-14,717	14,893	206	05
13,919	000216	-14,027	-13,057	-14,698	14,892	216	05
13,902	000211	-14,008	-13,038	-14,679	14,893	211	05
13,888	000210	-13,989	-13,019	-14,661	14,899	210	05
13,858	000212	-13,964	-12,994	-14,635	14,894	212	05
13,846	000224	-13,945	-12,976	-14,617	14,901	224	05
13,863	000223	-13,927	-12,953	-14,598	14,936	223	05
13,808	000207	-13,909	-12,938	-14,580	14,899	207	05
13,788	000214	-13,889	-12,919	-14,561	14,899	214	05
13,775	000206	-13,870	-12,900	-14,542	14,905	206	05
13,745	000212	-13,845	-12,875	-14,517	14,900	212	05
13,730	000212	-13,826	-12,856	-14,498	14,904	212	05
13,709	000224	-13,808	-12,837	-14,479	14,902	224	05
13,692	000215	-13,788	-12,818	-14,460	14,904	215	05
13,710	000224	-13,770	-12,795	-14,441	14,940	224	05
13,650	000215	-13,751	-12,781	-14,422	14,899	215	05
13,632	000211	-13,726	-12,755	-14,397	14,906	211	05
13,615	000219	-13,707	-12,736	-14,379	14,908	219	05
13,593	000206	-13,689	-12,718	-14,360	14,904	206	05
13,574	000229	-13,670	-12,699	-14,341	14,905	229	05
13,558	000216	-13,651	-12,680	-14,322	14,907	216	05
13,541	000216	-13,632	-12,661	-14,304	14,909	216	05
13,561	000216	-13,613	-12,638	-14,285	14,948	216	05
13,496	000211	-13,588	-12,617	-14,260	14,908	211	05
13,474	000213	-13,570	-12,599	-14,241	14,904	213	05
13,459	000205	-13,551	-12,580	-14,223	14,909	205	04
13,442	000212	-13,532	-12,561	-14,204	14,910	212	05
13,422	000246	-13,513	-12,542	-14,185	14,910	246	05
13,404	000235	-13,494	-12,523	-14,166	14,910	235	05
13,380	000206	-13,469	-12,498	-14,141	14,911	206	04
13,361	000246	-13,450	-12,479	-14,122	14,911	246	05
13,381	000239	-13,432	-12,456	-14,103	14,949	239	05
13,327	000235	-13,413	-12,441	-14,085	14,914	235	05
13,306	000249	-13,394	-12,423	-14,065	14,911	249	05
13,287	000206	-13,375	-12,404	-14,047	14,912	206	04
13,264	000241	-13,350	-12,379	-14,022	14,914	241	05
13,247	000253	-13,332	-12,360	-14,004	14,915	253	05
13,229	000236	-13,313	-12,341	-13,984	14,916	236	05
13,246	000246	-13,294	-12,318	-13,965	14,952	246	05
13,189	000244	-13,275	-12,303	-13,947	14,914	244	05
13,172	000246	-13,256	-12,285	-13,928	14,916	246	05
13,146	000225	-13,231	-12,259	-13,903	14,914	225	05
13,130	000253	-13,212	-12,240	-13,884	14,918	253	05
13,111	000228	-13,193	-12,221	-13,865	14,918	228	05
13,091	000225	-13,174	-12,202	-13,846	14,917	225	05
13,076	000215	-13,155	-12,183	-13,827	14,921	215	05
13,091	000223	-13,137	-12,161	-13,808	14,954	223	05
13,034	000210	-13,111	-12,139	-13,783	14,923	210	05
13,013	000215	-13,092	-12,120	-13,764	14,921	215	05
12,992	000215	-13,074	-12,101	-13,745	14,918	215	05
12,977	000214	-13,054	-12,082	-13,726	14,923	214	05
12,957	000208	-13,036	-12,063	-13,707	14,921	208	05
12,941	000206	-13,017	-12,044	-13,688	14,924	206	05
12,911	000214	-12,992	-12,019	-13,662	14,919	214	05
12,897	000215	-12,972	-11,999	-13,644	14,925	215	05
12,917	000217	-12,953	-11,976	-13,625	14,965	217	05
12,859	000218	-12,934	-11,961	-13,605	14,926	218	05
12,843	000224	-12,915	-11,942	-13,587	14,928	224	05
12,823	000215	-12,896	-11,924	-13,568	14,927	215	05
12,802	000205	-12,878	-11,905	-13,550	14,923	205	05
12,780	000215	-12,853	-11,880	-13,525	14,927	215	05
12,760	000215	-12,834	-11,861	-13,506	14,925	215	05
12,742	000215	-12,816	-11,843	-13,487	14,927	215	05
12,757	000215	-12,797	-11,820	-13,468	14,960	215	05
12,705	000210	-12,777	-11,804	-13,449	14,928	210	05
12,688	000215	-12,759	-11,785	-13,430	14,929	215	05
12,667	000211	-12,734	-11,760	-13,406	14,933	211	05
12,649	000215	-12,715	-11,741	-13,387	14,934	215	05
12,630	000215	-12,696	-11,723	-13,368	14,934	215	05
12,610	000216	-12,677	-11,704	-13,349	14,932	216	05
12,593	000212	-12,658	-11,685	-13,330	14,935	212	05
12,508	000217	-12,640	-11,666	-13,305	14,868	217	05
12,549	000212	-12,615	-11,641	-13,286	14,934	212	05
12,531	000215	-12,596	-11,622	-13,268	14,935	215	05
12,513	000216	-12,577	-11,604	-13,249	14,936	216	05
12,497	000226	-12,559	-11,584	-13,230	14,938	226	05
12,480	000215	-12,539	-11,565	-13,212	14,941	215	05
12,462	000216	-12,521	-11,546	-13,193	14,941	216	05
12,434	000211	-12,495	-11,521	-13,167	14,939	211	05
12,412	000235	-12,477	-11,502	-13,148	14,935	235	05
12,430	000233	-12,458	-11,479	-13,129	14,972	233	05
12,375	000215	-12,438	-11,464	-13,109	14,936	215	05
12,354	000215	-12,419	-11,445	-13,090	14,935	215	05
12,338	000215	-12,400	-11,426	-13,071	14,938	215	05
12,316	000251	-12,374	-11,400	-13,046	14,942	251	05
12,294	000223	-12,355	-11,380	-13,026	14,939	223	05
12,278	000224	-12,336	-11,362	-13,008	14,942	224	05
12,257	000216	-12,317	-11,342	-12,988	14,940	216	05
12,279	000247	-12,298	-11,319	-12,970	14,981	247	05
12,220	000232	-12,279	-11,305	-12,951	14,941	232	05
12,195	000215	-12,254	-11,279	-12,925	14,941	215	05
12,175	000216	-12,235	-11,260	-12,906	14,940	216	05
12,165	000247	-12,216	-11,240	-12,887	14,949	247	05
12,140	000219	-12,197	-11,222	-12,868	14,943	219	05
12,121	000230	-12,178	-11,203	-12,849	14,944	230	05
12,104	000215	-12,159	-11,184	-12,830	14,945	215	05
12,120	000224	-12,140	-11,161	-12,811	14,980	224	05
12,062	000215	-12,115	-11,140	-12,786	14,947	215	05
12,042	000215	-12,096	-11,121	-12,768	14,946	215	05
12,025	000215	-12,077	-11,102	-12,749	14,948	215	05
12,007	000252	-12,058	-11,083	-12,730	14,949	252	05
11,986	000225	-12,039	-11,064	-12,711	14,947	225	05
11,968	000219	-12,021	-11,045	-12,692	14,947	219	05
11,949	000207	-11,995	-11,019	-12,667	14,954	207	05
11,967	000214	-11,976	-10,997	-12,648	14,991	214	05
11,913	000214	-11,957	-10,981	-12,629	14,956	214	05
11,890	000213	-11,938	-10,963	-12,611	14,952	213	05
11,862	000213	-11,920	-10,946	-12,592	14,942	213	05
11,838	000223	-11,901	-10,927	-12,573	14,937	223	05
11,816	000217	-11,875	-10,902	-12,548	14,941	217	05
11,798	000215	-11,857	-10,883	-12,529	14,941	215	05
11,781	000215	-11,838	-10,864	-12,510	14,944	215	05
11,699	000225	-11,819	-10,845	-12,484	14,880	225	05
11,742	000209	-11,800	-10,826	-12,472	14,942	209	05
11,719	000214	-11,781	-10,807	-12,453	14,937	214	05
11,701	000214	-11,755	-10,781	-12,428	14,945	214	05
11,680	000219	-11,737	-10,762	-12,409	14,943	219	05
11,661	000206	-11,718	-10,744	-12,390	14,943	206	05
11,639	000214	-11,699	-10,725	-12,371	14,940	214	05
11,618	000215	-11,681	-10,706	-12,352	14,938	215	05
11,606	000215	-11,662	-10,687	-12,334	14,944	215	05
11,611	000215	-11,637	-10,659	-12,309	14,974	215	05
11,561	000211	-11,617	-10,643	-12,289	14,944	211	05
11,542	000207	-11,599	-10,624	-12,271	14,943	207	05
11,524	000215	-11,580	-10,605	-12,251	14,944	215	05
11,507	000222	-11,561	-10,586	-12,233	14,946	222	05
11,490	000223	-11,542	-10,567	-12,214	14,948	223	05
11,471	000208	-11,524	-10,548	-12,195	14,948	208	05
11,447	000216	-11,498	-10,523	-12,170	14,948	216	05
11,423	000214	-11,479	-10,504	-12,151	14,944	214	05
11,440	000224	-11,461	-10,482	-12,132	14,980	224	05
11,392	000211	-11,442	-10,467	-12,114	14,950	211	05
11,375	000223	-11,422	-10,447	-12,095	14,953	223	05
11,355	000215	-11,404	-10,429	-12,076	14,951	215	05
11,331	000215	-11,379	-10,403	-12,051	14,952	215	05
11,311	000211	-11,360	-10,385	-12,032	14,951	211	05
11,292	000215	-11,341	-10,366	-12,013	14,951	215	05
11,276	000214	-11,322	-10,347	-11,994	14,954	214	05
11,287	000208	-11,303	-10,324	-11,975	14,984	208	05
11,236	000214	-11,285	-10,309	-11,956	14,952	214	05
11,213	000235	-11,260	-10,284	-11,931	14,953	235	05
11,196	000214	-11,241	-10,265	-11,913	14,956	214	05
11,179	000235	-11,222	-10,246	-11,894	14,957	235	05
11,162	000205	-11,203	-10,227	-11,875	14,960	205	04
11,142	000206	-11,184	-10,208	-11,856	14,958	206	04
11,124	000233	-11,165	-10,189	-11,837	14,959	233	05
11,131	000243	-11,140	-10,160	-11,812	14,991	243	05
11,078	000253	-11,121	-10,145	-11,793	14,957	253	05
11,059	000242	-11,102	-10,126	-11,774	14,957	242	05
11,039	000213	-11,084	-10,107	-11,755	14,955	213	05
11,021	000241	-11,065	-10,089	-11,736	14,956	241	05
11,006	000243	-11,045	-10,069	-11,717	14,961	243	05
10,983	000205	-11,021	-10,044	-11,692	14,962	205	04
10,963	000241	-11,002	-10,025	-11,673	14,961	241	05
10,978	000237	-10,983	-10,002	-11,654	14,995	237	05
10,924	000224	-10,964	-9,987	-11,635	14,960	224	05
10,913	000205	-10,946	-9,967	-11,616	14,966	205	04
10,890	000253	-10,927	-9,949	-11,597	14,962	253	05
10,867	000238	-10,902	-9,924	-11,573	14,964	238	05
10,850	000240	-10,884	-9,905	-11,554	14,966	240	05
10,830	000243	-10,865	-9,887	-11,535	14,965	243	05
10,812	000213	-10,847	-9,868	-11,517	14,965	213	05
10,825	000212	-10,828	-9,846	-11,498	14,997	212	05
10,775	000212	-10,809	-9,830	-11,479	14,965	212	05
10,760	000209	-10,791	-9,812	-11,461	14,969	209	05
10,734	000223	-10,766	-9,787	-11,436	14,969	223	05
10,715	000214	-10,747	-9,768	-11,417	14,968	214	05
10,695	000213	-10,728	-9,749	-11,398	14,967	213	05
10,684	000209	-10,709	-9,730	-11,380	14,975	209	05
10,665	000214	-10,691	-9,711	-11,361	14,975	214	05
10,677	000213	-10,671	-9,688	-11,342	15,006	213	05
10,621	000210	-10,646	-9,667	-11,317	14,975	210	05
10,597	000213	-10,627	-9,648	-11,297	14,969	213	05
10,586	000214	-10,609	-9,629	-11,279	14,977	214	05
10,566	000216	-10,590	-9,610	-11,260	14,976	216	05
10,540	000205	-10,571	-9,591	-11,240	14,969	205	05
10,524	000220	-10,552	-9,572	-11,221	14,973	220	05
10,499	000218	-10,526	-9,546	-11,196	14,973	218	05
10,486	000210	-10,508	-9,528	-11,178	14,978	210	05
10,498	000212	-10,489	-9,505	-11,159	15,009	212	05
10,453	000208	-10,470	-9,489	-11,140	14,983	208	05
10,425	000215	-10,451	-9,471	-11,121	14,974	215	05
10,402	000205	-10,432	-9,453	-11,102	14,970	205	05
10,381	000208	-10,407	-9,427	-11,077	14,973	208	05
10,372	000209	-10,389	-9,408	-11,059	14,983	209	05
10,347	000219	-10,370	-9,389	-11,040	14,978	219	05
10,325	000210	-10,351	-9,371	-11,021	14,974	210	05
10,313	000209	-10,332	-9,352	-11,002	14,981	209	05
10,319	000207	-10,313	-9,330	-10,983	15,006	207	05
10,282	000210	-10,288	-9,308	-10,960	14,994	210	05
10,267	000214	-10,269	-9,289	-10,941	14,998	214	05
10,255	000225	-10,250	-9,270	-10,923	15,004	225	05
10,234	000228	-10,231	-9,251	-10,904	15,003	228	05
10,212	000215	-10,212	-9,232	-10,884	14,999	215	05
10,195	000219	-10,193	-9,213	-10,865	15,002	219	05
10,175	000209	-10,168	-9,187	-10,841	15,006	209	05
10,186	000219	-10,149	-9,165	-10,821	15,037	219	05
10,136	000243	-10,130	-9,149	-10,802	15,005	243	05
10,119	000224	-10,111	-9,130	-10,783	15,007	224	05
10,097	000226	-10,092	-9,111	-10,764	15,005	226	05
10,080	000223	-10,073	-9,092	-10,745	15,006	223	05
10,059	000219	-10,054	-9,073	-10,726	15,005	219	05
10,037	000249	-10,029	-9,048	-10,702	15,008	249	05
10,015	000233	-10,011	-9,030	-10,683	15,005	233	05
10,030	000247	-9,992	-9,007	-10,664	15,039	247	05
9,979	000242	-9,972	-8,991	-10,644	15,007	242	05
9,965	000219	-9,953	-8,972	-10,626	15,012	219	05
9,945	000252	-9,935	-8,953	-10,607	15,010	252	05
9,919	000224	-9,909	-8,928	-10,582	15,009	224	05
9,900	000223	-9,891	-8,909	-10,563	15,010	223	05
9,886	000226	-9,871	-8,889	-10,544	15,015	226	05
9,863	000220	-9,853	-8,871	-10,525	15,010	220	05
9,876	000240	-9,834	-8,849	-10,506	15,042	240	05
9,825	000236	-9,815	-8,833	-10,487	15,010	236	05
9,803	000218	-9,789	-8,807	-10,461	15,014	218	05
9,788	000250	-9,771	-8,788	-10,443	15,017	250	05
9,761	000228	-9,752	-8,770	-10,424	15,009	228	05
9,749	000253	-9,733	-8,751	-10,405	15,016	253	05
9,731	000227	-9,714	-8,732	-10,386	15,017	227	05
9,714	000225	-9,695	-8,713	-10,368	15,019	225	05
9,722	000217	-9,671	-8,685	-10,343	15,051	217	05
9,670	000209	-9,651	-8,669	-10,324	15,019	209	05
9,648	000207	-9,633	-8,651	-10,305	15,014	207	05
9,634	000209	-9,614	-8,632	-10,287	15,020	209	05
9,620	000214	-9,596	-8,613	-10,268	15,024	214	05
9,594	000207	-9,578	-8,596	-10,250	15,016	207	05
9,577	000214	-9,552	-8,570	-10,225	15,024	214	05
9,554	000214	-9,535	-8,552	-10,206	15,019	214	05
9,537	000207	-9,516	-8,533	-10,188	15,021	207	05
9,547	000216	-9,496	-8,510	-10,168	15,051	216	05
9,497	000209	-9,478	-8,495	-10,149	15,020	209	05
9,477	000207	-9,459	-8,476	-10,131	15,019	207	05
9,455	000209	-9,433	-8,450	-10,105	15,023	209	05
9,439	000209	-9,414	-8,431	-10,086	15,025	209	05
9,423	000210	-9,394	-8,411	-10,067	15,028	210	05
9,402	000217	-9,375	-8,392	-10,048	15,027	217	05
9,379	000222	-9,357	-8,374	-10,029	15,023	222	05
9,368	000220	-9,338	-8,354	-10,010	15,030	220	05
9,377	000214	-9,318	-8,332	-9,991	15,058	214	05
9,317	000213	-9,294	-8,310	-9,965	15,024	213	05
9,301	000220	-9,275	-8,291	-9,947	15,026	220	05
9,285	000210	-9,255	-8,272	-9,928	15,030	210	05
9,266	000219	-9,236	-8,253	-9,909	15,030	219	05
9,248	000219	-9,218	-8,235	-9,890	15,029	219	05
9,227	000224	-9,199	-8,216	-9,871	15,028	224	05
9,206	000225	-9,174	-8,190	-9,846	15,032	225	05
9,213	000212	-9,155	-8,168	-9,827	15,058	212	05
9,166	000208	-9,136	-8,152	-9,808	15,030	208	05
9,149	000218	-9,117	-8,133	-9,789	15,032	218	05
9,133	000209	-9,098	-8,114	-9,771	15,035	209	05
9,115	000219	-9,079	-8,095	-9,752	15,036	219	05
9,089	000238	-9,054	-8,070	-9,726	15,035	238	05
9,071	000217	-9,035	-8,051	-9,708	15,035	217	05
9,053	000233	-9,016	-8,032	-9,689	15,037	233	05
8,974	000226	-8,997	-8,013	-9,663	14,977	226	05
9,015	000234	-8,978	-7,994	-9,650	15,037	234	05
8,997	000213	-8,959	-7,975	-9,632	15,037	213	05
8,973	000226	-8,934	-7,950	-9,607	15,039	226	05
8,957	000244	-8,915	-7,930	-9,588	15,041	244	05
8,935	000225	-8,896	-7,912	-9,569	15,038	225	05
8,918	000233	-8,878	-7,893	-9,550	15,040	233	05
8,896	000229	-8,859	-7,874	-9,531	15,037	229	05
8,907	000242	-8,840	-7,852	-9,512	15,068	242	05
8,854	000231	-8,815	-7,830	-9,487	15,039	231	05
8,836	000245	-8,796	-7,811	-9,468	15,039	245	05
8,818	000253	-8,777	-7,792	-9,449	15,041	253	05
8,799	000234	-8,758	-7,773	-9,430	15,041	234	05
8,781	000230	-8,739	-7,754	-9,411	15,042	230	05
8,766	000244	-8,720	-7,735	-9,392	15,046	244	05
8,736	000249	-8,695	-7,710	-9,367	15,041	249	05
8,646	000205	-8,676	-7,691	-9,341	14,970	205	04
8,699	000241	-8,657	-7,672	-9,330	15,042	241	05
8,684	000245	-8,639	-7,653	-9,311	15,045	245	05
8,663	000252	-8,620	-7,634	-9,292	15,043	252	05
8,643	000241	-8,601	-7,616	-9,273	15,043	241	05
8,628	000233	-8,582	-7,597	-9,254	15,046	233	05
8,601	000214	-8,557	-7,572	-9,229	15,045	214	05
8,582	000213	-8,538	-7,553	-9,210	15,045	213	05
8,590	000206	-8,518	-7,531	-9,191	15,072	206	05
8,554	000220	-8,500	-7,514	-9,173	15,054	220	05
8,534	000221	-8,481	-7,495	-9,154	15,053	221	05
8,516	000214	-8,463	-7,477	-9,135	15,054	214	05
8,492	000214	-8,438	-7,452	-9,110	15,054	214	05
8,476	000214	-8,419	-7,433	-9,092	15,057	214	05
8,456	000214	-8,400	-7,414	-9,073	15,055	214	05
8,427	000213	-8,381	-7,396	-9,054	15,046	213	05
8,450	000218	-8,363	-7,373	-9,035	15,087	218	05
8,400	000215	-8,344	-7,358	-9,016	15,056	215	05
8,367	000210	-8,318	-7,333	-8,991	15,049	210	05
8,354	000224	-8,300	-7,314	-8,973	15,054	224	05
8,339	000214	-8,281	-7,295	-8,954	15,058	214	05
8,322	000214	-8,262	-7,276	-8,935	15,060	214	05
8,292	000222	-8,243	-7,258	-8,916	15,048	222	05
8,285	000207	-8,225	-7,238	-8,897	15,060	207	05
8,251	000208	-8,199	-7,213	-8,871	15,052	208	05
8,264	000222	-8,180	-7,191	-8,853	15,084	222	05
8,221	000213	-8,161	-7,175	-8,834	15,060	213	05
8,202	000205	-8,142	-7,156	-8,815	15,060	205	05
8,183	000213	-8,123	-7,137	-8,796	15,060	213	05
8,166	000214	-8,105	-7,118	-8,777	15,061	214	05
8,141	000214	-8,079	-7,093	-8,752	15,062	214	05
8,122	000208	-8,061	-7,074	-8,733	15,061	208	05
8,103	000207	-8,042	-7,055	-8,714	15,061	207	05
8,109	000212	-8,023	-7,033	-8,695	15,085	212	05
8,066	000213	-8,003	-7,017	-8,676	15,062	213	05
8,049	000214	-7,985	-6,998	-8,658	15,064	214	05
8,030	000214	-7,966	-6,979	-8,639	15,064	214	05
8,006	000214	-7,941	-6,953	-8,613	15,066	214	05
7,986	000224	-7,922	-6,935	-8,594	15,064	224	05
7,971	000206	-7,903	-6,915	-8,575	15,068	206	05
7,951	000212	-7,883	-6,896	-8,557	15,067	212	05
7,930	000224	-7,865	-6,878	-8,538	15,065	224	05
7,940	000214	-7,846	-6,856	-8,519	15,094	214	05
7,892	000214	-7,821	-6,833	-8,494	15,071	214	05
7,871	000214	-7,801	-6,814	-8,474	15,070	214	05
7,852	000213	-7,782	-6,795	-8,455	15,070	213	05
7,829	000230	-7,764	-6,776	-8,436	15,065	230	05
7,814	000243	-7,745	-6,757	-8,417	15,069	243	05
7,797	000214	-7,725	-6,737	-8,398	15,072	214	05
7,769	000216	-7,701	-6,713	-8,373	15,069	216	05
7,784	000206	-7,682	-6,690	-8,354	15,102	206	04
7,735	000221	-7,663	-6,675	-8,335	15,073	221	05
7,717	000253	-7,644	-6,656	-8,316	15,073	253	05
7,698	000217	-7,625	-6,637	-8,297	15,073	217	05
7,678	000214	-7,606	-6,618	-8,278	15,073	214	05
7,658	000214	-7,581	-6,592	-8,253	15,078	214	05
7,636	000253	-7,562	-6,574	-8,234	15,074	253	05
7,616	000252	-7,543	-6,554	-8,215	15,073	252	05
7,531	000207	-7,524	-6,535	-8,188	15,007	207	04
7,581	000223	-7,505	-6,516	-8,177	15,076	223	05
7,562	000214	-7,486	-6,497	-8,158	15,076	214	05
7,535	000252	-7,461	-6,473	-8,133	15,073	252	05
7,520	000223	-7,442	-6,454	-8,115	15,078	223	05
7,500	000220	-7,424	-6,435	-8,096	15,077	220	05
7,483	000224	-7,405	-6,415	-8,077	15,079	224	05
7,462	000224	-7,386	-6,397	-8,058	15,076	224	05
7,472	000224	-7,367	-6,375	-8,040	15,105	224	05
7,416	000226	-7,342	-6,353	-8,014	15,074	226	05
7,399	000223	-7,323	-6,334	-7,995	15,076	223	05
7,387	000204	-7,304	-6,315	-7,977	15,083	204	05
7,362	000213	-7,286	-6,296	-7,957	15,076	213	05
7,349	000211	-7,266	-6,277	-7,939	15,082	211	05
7,331	000215	-7,247	-6,258	-7,920	15,084	215	05
7,317	000235	-7,228	-6,239	-7,901	15,089	235	05
7,311	000212	-7,203	-6,211	-7,875	15,108	212	05
7,270	000212	-7,184	-6,195	-7,857	15,086	212	05
7,249	000211	-7,165	-6,175	-7,837	15,083	211	05
7,231	000210	-7,146	-6,156	-7,818	15,086	210	05
7,212	000214	-7,127	-6,137	-7,799	15,085	214	05
7,193	000218	-7,108	-6,118	-7,780	15,085	218	05
7,167	000206	-7,083	-6,093	-7,755	15,084	206	05
7,150	000215	-7,064	-6,074	-7,737	15,087	215	05
7,133	000215	-7,045	-6,055	-7,718	15,088	215	05
7,137	000212	-7,026	-6,034	-7,699	15,112	212	05
7,097	000207	-7,008	-6,017	-7,680	15,090	207	05
7,082	000209	-6,988	-5,998	-7,661	15,094	209	05
7,056	000224	-6,963	-5,973	-7,636	15,093	224	05
7,035	000214	-6,943	-5,954	-7,617	15,092	214	05
7,021	000207	-6,925	-5,934	-7,598	15,096	207	05
7,001	000214	-6,906	-5,916	-7,579	15,095	214	05
6,983	000214	-6,887	-5,897	-7,560	15,096	214	05
6,907	000233	-6,868	-5,878	-7,535	15,039	233	05
6,933	000210	-6,842	-5,853	-7,515	15,091	210	05
6,923	000213	-6,824	-5,833	-7,497	15,099	213	05
6,900	000225	-6,805	-5,814	-7,478	15,095	225	05
6,888	000214	-6,786	-5,795	-7,459	15,103	214	05
6,870	000214	-6,767	-5,776	-7,440	15,103	214	05
6,854	000214	-6,748	-5,756	-7,421	15,107	214	05
6,817	000216	-6,722	-5,732	-7,395	15,094	216	05
6,796	000207	-6,703	-5,713	-7,376	15,093	207	05
6,804	000223	-6,685	-5,692	-7,357	15,119	223	05
6,763	000225	-6,665	-5,675	-7,338	15,098	225	05
6,741	000213	-6,647	-5,656	-7,319	15,094	213	05
6,723	000214	-6,628	-5,637	-7,301	15,095	214	05
6,697	000214	-6,603	-5,612	-7,275	15,094	214	05
6,681	000212	-6,584	-5,593	-7,256	15,097	212	05
6,668	000228	-6,565	-5,574	-7,238	15,103	228	05
6,654	000230	-6,546	-5,554	-7,219	15,108	230	05
6,655	000244	-6,527	-5,533	-7,200	15,128	244	05
6,609	000232	-6,508	-5,517	-7,181	15,101	232	05
6,596	000246	-6,489	-5,498	-7,162	15,107	246	05
6,570	000244	-6,464	-5,473	-7,137	15,106	244	05
6,550	000205	-6,445	-5,454	-7,118	15,105	205	04
6,533	000244	-6,427	-5,435	-7,099	15,106	244	05
6,515	000238	-6,408	-5,416	-7,081	15,107	238	05
6,498	000251	-6,389	-5,397	-7,062	15,109	251	05
6,503	000246	-6,370	-5,376	-7,043	15,133	246	05
6,454	000224	-6,345	-5,353	-7,018	15,109	224	05
6,435	000247	-6,326	-5,334	-6,999	15,109	247	05
6,419	000235	-6,308	-5,315	-6,980	15,111	235	05
6,400	000236	-6,289	-5,297	-6,961	15,111	236	05
6,381	000244	-6,270	-5,278	-6,943	15,111	244	05
6,365	000238	-6,251	-5,259	-6,924	15,114	238	05
6,362	000225	-6,226	-5,231	-6,899	15,136	225	05
6,321	000234	-6,207	-5,215	-6,880	15,113	234	05
6,300	000238	-6,188	-5,196	-6,861	15,112	238	05
6,285	000212	-6,169	-5,176	-6,842	15,116	212	05
6,264	000228	-6,150	-5,158	-6,823	15,114	228	05
6,243	000214	-6,132	-5,139	-6,804	15,111	214	05
6,223	000207	-6,106	-5,113	-6,779	15,117	207	05
6,206	000212	-6,087	-5,094	-6,760	15,119	212	05
6,184	000213	-6,068	-5,075	-6,741	15,116	213	05
6,191	000213	-6,049	-5,054	-6,722	15,142	213	05
6,150	000213	-6,031	-5,038	-6,703	15,119	213	05
6,129	000207	-6,012	-5,019	-6,684	15,117	207	05
6,105	000210	-5,987	-4,993	-6,659	15,119	210	05
6,090	000213	-5,968	-4,975	-6,641	15,122	213	05
6,066	000211	-5,949	-4,956	-6,621	15,117	211	05
6,049	000214	-5,930	-4,937	-6,603	15,119	214	05
6,027	000214	-5,911	-4,918	-6,583	15,116	214	05
6,036	000224	-5,892	-4,896	-6,565	15,144	224	05
5,991	000210	-5,867	-4,874	-6,540	15,124	210	05
5,967	000211	-5,849	-4,855	-6,521	15,118	211	05
5,955	000210	-5,829	-4,836	-6,502	15,125	210	05
5,934	000206	-5,810	-4,817	-6,483	15,123	206	05
5,914	000215	-5,792	-4,798	-6,464	15,122	215	05
5,898	000215	-5,772	-4,779	-6,446	15,125	215	05
5,878	000213	-5,754	-4,760	-6,426	15,124	213	05
5,850	000215	-5,729	-4,735	-6,401	15,121	215	05
5,854	000213	-5,710	-4,713	-6,382	15,144	213	05
5,816	000212	-5,691	-4,697	-6,363	15,125	212	05
5,796	000214	-5,672	-4,678	-6,345	15,124	214	05
5,778	000212	-5,653	-4,660	-6,326	15,125	212	05
5,766	000222	-5,635	-4,640	-6,307	15,131	222	05
5,738	000220	-5,610	-4,616	-6,282	15,128	220	05
5,716	000214	-5,591	-4,597	-6,263	15,126	214	05
5,698	000212	-5,572	-4,578	-6,245	15,126	212	05
5,699	000212	-5,553	-4,557	-6,226	15,146	212	05
5,665	000219	-5,534	-4,540	-6,207	15,130	219	05
5,642	000220	-5,515	-4,522	-6,188	15,127	220	05
5,621	000219	-5,490	-4,496	-6,163	15,131	219	05
5,608	000212	-5,472	-4,477	-6,145	15,136	212	05
5,586	000212	-5,453	-4,459	-6,126	15,133	212	05
5,548	000253	-5,434	-4,442	-6,107	15,113	253	05
5,536	000219	-5,416	-4,423	-6,089	15,120	219	05
5,538	000232	-5,397	-4,402	-6,070	15,141	232	05
5,486	000242	-5,372	-4,380	-6,045	15,114	242	05
5,472	000253	-5,353	-4,361	-6,026	15,119	253	05
5,460	000214	-5,335	-4,341	-6,007	15,126	214	05
5,434	000253	-5,315	-4,322	-5,988	15,119	253	05
5,416	000247	-5,297	-4,304	-5,969	15,119	247	05
5,399	000221	-5,278	-4,285	-5,951	15,121	221	05
5,370	000205	-5,253	-4,260	-5,926	15,117	205	04
5,374	000249	-5,234	-4,238	-5,906	15,141	249	05
5,338	000229	-5,215	-4,221	-5,888	15,123	229	05
5,322	000215	-5,196	-4,202	-5,869	15,127	215	05
5,297	000251	-5,177	-4,184	-5,850	15,119	251	05
5,283	000217	-5,158	-4,164	-5,830	15,125	217	05
5,259	000221	-5,132	-4,139	-5,805	15,126	221	05
5,237	000215	-5,113	-4,120	-5,786	15,124	215	05
5,219	000251	-5,094	-4,101	-5,767	15,125	251	05
5,226	000211	-5,076	-4,079	-5,748	15,150	211	04
5,184	000237	-5,056	-4,063	-5,730	15,128	237	05
5,163	000213	-5,038	-4,044	-5,710	15,125	213	05
5,148	000213	-5,019	-4,025	-5,692	15,129	213	05
5,120	000222	-4,994	-4,000	-5,667	15,126	222	05
5,100	000211	-4,975	-3,981	-5,648	15,124	211	05
5,083	000212	-4,957	-3,962	-5,629	15,126	212	05
5,063	000207	-4,938	-3,944	-5,610	15,125	207	05
5,069	000211	-4,918	-3,922	-5,591	15,151	211	05
5,030	000213	-4,899	-3,905	-5,572	15,131	213	05
5,000	000214	-4,875	-3,880	-5,547	15,125	214	05
4,991	000211	-4,855	-3,861	-5,528	15,136	211	05
4,966	000208	-4,837	-3,842	-5,509	15,129	208	05
4,954	000219	-4,817	-3,823	-5,490	15,136	219	05
4,931	000212	-4,798	-3,804	-5,472	15,133	212	05
4,916	000214	-4,779	-3,785	-5,453	15,136	214	05
4,887	000208	-4,755	-3,760	-5,427	15,133	208	05
4,866	000210	-4,733	-3,741	-5,408	15,133	210	05
4,850	000223	-4,717	-3,722	-5,389	15,134	223	05
4,832	000214	-4,698	-3,703	-5,370	15,134	214	05
4,815	000210	-4,679	-3,684	-5,351	15,136	210	05
4,796	000210	-4,660	-3,665	-5,333	15,136	210	05
4,771	000211	-4,635	-3,640	-5,307	15,136	211	05
4,755	000216	-4,615	-3,620	-5,288	15,140	216	05
4,733	000208	-4,597	-3,602	-5,269	15,136	208	05
4,734	000209	-4,577	-3,580	-5,250	15,157	209	05
4,697	000224	-4,559	-3,563	-5,231	15,139	224	05
4,678	000219	-4,540	-3,544	-5,212	15,139	219	05
4,659	000221	-4,514	-3,518	-5,187	15,145	221	05
4,635	000212	-4,495	-3,499	-5,167	15,140	212	05
4,620	000215	-4,476	-3,480	-5,149	15,144	215	05
4,601	000221	-4,458	-3,462	-5,130	15,143	221	05
4,586	000215	-4,440	-3,443	-5,111	15,145	215	05
4,561	000210	-4,421	-3,424	-5,092	15,140	210	05
4,558	000210	-4,396	-3,397	-5,067	15,162	210	05
4,519	000221	-4,377	-3,380	-5,048	15,142	221	05
4,504	000219	-4,358	-3,361	-5,029	15,146	219	05
4,487	000226	-4,339	-3,342	-5,011	15,148	226	05
4,468	000220	-4,321	-3,323	-4,992	15,148	220	05
4,445	000221	-4,302	-3,303	-4,972	15,143	221	05
4,430	000231	-4,283	-3,285	-4,953	15,148	231	05
4,402	000235	-4,258	-3,260	-4,928	15,145	235	05
4,402	000216	-4,239	-3,239	-4,910	15,162	216	05
4,371	000244	-4,220	-3,222	-4,891	15,151	244	05
4,350	000239	-4,201	-3,203	-4,872	15,149	239	05
4,335	000208	-4,183	-3,184	-4,854	15,152	208	04
4,312	000204	-4,164	-3,166	-4,835	15,148	204	04
4,289	000241	-4,139	-3,141	-4,810	15,150	241	05
4,271	000243	-4,120	-3,122	-4,791	15,151	243	05
4,267	000243	-4,101	-3,101	-4,772	15,166	243	05
4,236	000253	-4,083	-3,084	-4,753	15,153	253	05
4,214	000244	-4,064	-3,065	-4,734	15,150	244	05
4,200	000244	-4,045	-3,046	-4,716	15,155	244	05
4,172	000253	-4,020	-3,021	-4,690	15,153	253	05
4,152	000250	-4,000	-3,002	-4,671	15,151	250	05
4,134	000233	-3,982	-2,983	-4,653	15,152	233	05
4,116	000254	-3,963	-2,964	-4,634	15,153	254	05
4,117	000245	-3,944	-2,943	-4,615	15,173	245	05
4,086	000213	-3,925	-2,925	-4,596	15,161	213	05
4,060	000224	-3,900	-2,900	-4,571	15,160	224	05
4,045	000213	-3,881	-2,881	-4,552	15,164	213	05
4,024	000208	-3,862	-2,863	-4,533	15,161	208	05
3,998	000210	-3,844	-2,845	-4,514	15,154	210	05
3,979	000212	-3,824	-2,825	-4,495	15,155	212	05
3,970	000219	-3,806	-2,806	-4,477	15,164	219	05
3,906	000223	-3,781	-2,781	-4,448	15,125	223	05
3,942	000213	-3,762	-2,763	-4,435	15,180	213	05
3,921	000213	-3,743	-2,744	-4,416	15,178	213	05
3,904	000213	-3,724	-2,725	-4,397	15,180	213	05
3,883	000213	-3,705	-2,706	-4,378	15,177	213	05
3,866	000212	-3,687	-2,687	-4,360	15,179	212	05
3,849	000224	-3,667	-2,668	-4,340	15,181	224	05
3,821	000213	-3,643	-2,643	-4,315	15,178	213	05
3,805	000225	-3,624	-2,624	-4,296	15,181	225	05
3,801	000212	-3,605	-2,603	-4,277	15,196	212	05
3,768	000213	-3,586	-2,587	-4,259	15,182	213	05
3,744	000213	-3,567	-2,568	-4,240	15,177	213	05
3,730	000211	-3,548	-2,548	-4,221	15,182	211	05
3,707	000214	-3,524	-2,523	-4,196	15,183	214	05
3,691	000214	-3,504	-2,504	-4,177	15,187	214	05
3,669	000224	-3,486	-2,485	-4,158	15,183	224	05
3,651	000214	-3,467	-2,467	-4,140	15,183	214	05
3,652	000213	-3,448	-2,446	-4,121	15,204	213	05
3,616	000205	-3,429	-2,429	-4,102	15,187	205	05
3,589	000213	-3,404	-2,404	-4,077	15,184	213	05
3,573	000213	-3,385	-2,385	-4,058	15,187	213	05
3,553	000212	-3,367	-2,367	-4,040	15,186	212	05
3,538	000209	-3,348	-2,347	-4,020	15,190	209	05
3,518	000211	-3,329	-2,329	-4,002	15,189	211	05
3,500	000221	-3,310	-2,309	-3,983	15,190	221	05
3,478	000212	-3,285	-2,284	-3,958	15,193	212	05
3,476	000224	-3,267	-2,264	-3,939	15,209	224	05
3,435	000213	-3,248	-2,247	-3,920	15,187	213	05
3,417	000210	-3,229	-2,228	-3,901	15,189	210	05
3,402	000232	-3,210	-2,209	-3,883	15,192	232	05
3,383	000224	-3,191	-2,190	-3,864	15,192	224	05
3,362	000213	-3,166	-2,165	-3,839	15,196	213	05
3,345	000213	-3,147	-2,146	-3,821	15,198	213	05
3,321	000224	-3,129	-2,127	-3,801	15,193	224	05
3,322	000236	-3,110	-2,107	-3,783	15,212	236	05
3,286	000214	-3,091	-2,090	-3,764	15,195	214	05
3,266	000221	-3,072	-2,071	-3,745	15,194	221	05
3,243	000215	-3,047	-2,046	-3,720	15,196	215	05
3,226	000253	-3,029	-2,027	-3,701	15,197	253	05
3,209	000248	-3,010	-2,009	-3,683	15,199	248	05
3,187	000224	-2,991	-1,990	-3,664	15,196	224	05
3,166	000224	-2,972	-1,971	-3,645	15,194	224	05
3,165	000252	-2,954	-1,951	-3,627	15,211	252	05
3,137	000204	-2,935	-1,933	-3,608	15,202	204	04
3,110	000252	-2,910	-1,908	-3,583	15,200	252	05
3,090	000224	-2,891	-1,890	-3,564	15,199	224	05
3,073	000253	-2,873	-1,871	-3,546	15,200	253	05
3,053	000251	-2,854	-1,852	-3,526	15,199	251	05
3,033	000220	-2,835	-1,833	-3,507	15,198	220	05
3,038	000234	-2,816	-1,812	-3,489	15,222	234	05
2,995	000205	-2,791	-1,789	-3,464	15,203	205	04
2,969	000213	-2,772	-1,770	-3,444	15,197	213	05
2,955	000244	-2,753	-1,751	-3,426	15,202	244	05
2,937	000224	-2,734	-1,732	-3,407	15,203	224	05
2,924	000210	-2,715	-1,713	-3,388	15,209	210	05
2,901	000223	-2,696	-1,694	-3,369	15,205	223	05
2,878	000212	-2,671	-1,669	-3,344	15,207	212	05
2,874	000211	-2,652	-1,648	-3,325	15,222	211	05
2,836	000208	-2,633	-1,631	-3,306	15,202	208	05
2,825	000209	-2,615	-1,612	-3,287	15,210	209	05
2,802	000208	-2,595	-1,593	-3,268	15,207	208	05
2,785	000214	-2,577	-1,574	-3,249	15,208	214	05
2,761	000204	-2,552	-1,549	-3,224	15,209	204	05
2,742	000215	-2,532	-1,529	-3,205	15,210	215	05
2,729	000213	-2,513	-1,510	-3,187	15,216	213	05
2,707	000213	-2,494	-1,491	-3,167	15,213	213	05
2,703	000212	-2,475	-1,471	-3,148	15,228	212	05
2,673	000208	-2,457	-1,453	-3,130	15,216	208	05
2,645	000209	-2,432	-1,429	-3,105	15,213	209	05
2,627	000211	-2,413	-1,409	-3,086	15,214	211	05
2,609	000218	-2,394	-1,391	-3,067	15,215	218	05
2,589	000213	-2,376	-1,372	-3,048	15,213	213	05
2,568	000212	-2,357	-1,353	-3,029	15,210	212	05
2,552	000213	-2,339	-1,335	-3,011	15,213	213	05
2,529	000223	-2,312	-1,309	-2,985	15,217	223	05
2,526	000214	-2,293	-1,288	-2,966	15,233	214	05
2,492	000205	-2,275	-1,271	-2,947	15,217	205	05
2,475	000224	-2,256	-1,252	-2,929	15,219	224	05
2,452	000213	-2,237	-1,233	-2,910	15,216	213	05
2,435	000212	-2,218	-1,214	-2,891	15,217	212	05
2,419	000223	-2,199	-1,195	-2,872	15,220	223	05
2,398	000213	-2,174	-1,169	-2,847	15,224	213	05
2,382	000206	-2,155	-1,150	-2,828	15,227	206	05
2,380	000222	-2,136	-1,130	-2,809	15,243	222	05
2,345	000206	-2,117	-1,112	-2,790	15,228	206	05
2,329	000224	-2,098	-1,093	-2,771	15,231	224	05
2,303	000214	-2,079	-1,074	-2,751	15,224	214	05
2,279	000214	-2,054	-1,049	-2,726	15,225	214	05
2,262	000212	-2,035	-1,030	-2,708	15,226	212	05
2,244	000226	-2,017	-1,011	-2,689	15,227	226	05
2,227	000210	-1,998	-0,992	-2,670	15,229	210	05
2,228	000235	-1,979	-0,972	-2,652	15,249	235	05
2,192	000205	-1,960	-0,955	-2,633	15,232	205	04
2,164	000214	-1,935	-0,930	-2,608	15,229	214	05
2,149	000245	-1,916	-0,911	-2,589	15,233	245	05
2,131	000231	-1,897	-0,891	-2,570	15,234	231	05
2,114	000242	-1,878	-0,873	-2,551	15,236	242	05
2,094	000250	-1,860	-0,854	-2,533	15,235	250	05
2,080	000233	-1,841	-0,835	-2,514	15,239	233	05
2,068	000246	-1,816	-0,808	-2,489	15,252	246	05
2,029	000214	-1,797	-0,792	-2,470	15,232	214	05
2,018	000246	-1,778	-0,772	-2,451	15,240	246	05
1,996	000246	-1,759	-0,754	-2,432	15,237	246	05
1,980	000242	-1,740	-0,734	-2,413	15,240	242	05
1,953	000213	-1,722	-0,716	-2,394	15,232	213	05
1,930	000213	-1,696	-0,690	-2,369	15,233	213	05
1,916	000243	-1,677	-0,671	-2,350	15,239	243	05
1,911	000250	-1,659	-0,651	-2,331	15,253	250	05
1,879	000253	-1,640	-0,633	-2,312	15,239	253	05
1,863	000245	-1,621	-0,614	-2,293	15,242	245	05
1,843	000232	-1,602	-0,595	-2,275	15,241	232	05
1,816	000219	-1,577	-0,571	-2,250	15,239	219	05
1,801	000217	-1,558	-0,551	-2,231	15,243	217	05
1,785	000214	-1,539	-0,532	-2,212	15,246	214	05
1,760	000214	-1,520	-0,514	-2,193	15,240	214	05
1,760	000214	-1,501	-0,492	-2,174	15,260	214	05
1,727	000213	-1,481	-0,475	-2,155	15,245	213	05
1,711	000213	-1,463	-0,456	-2,136	15,248	213	05
1,687	000212	-1,437	-0,431	-2,111	15,249	212	05
1,666	000208	-1,419	-0,412	-2,092	15,247	208	05
1,646	000209	-1,401	-0,394	-2,073	15,246	209	05
1,628	000211	-1,381	-0,374	-2,054	15,247	211	05
1,611	000223	-1,362	-0,355	-2,035	15,248	223	05
1,605	000224	-1,343	-0,335	-2,016	15,261	224	05
1,567	000213	-1,318	-0,311	-1,991	15,249	213	05
1,548	000212	-1,300	-0,292	-1,972	15,248	212	05
1,528	000231	-1,280	-0,273	-1,953	15,248	231	05
1,515	000207	-1,261	-0,254	-1,935	15,254	207	05
1,489	000212	-1,243	-0,236	-1,915	15,246	212	05
1,481	000214	-1,224	-0,217	-1,897	15,257	214	05
1,453	000211	-1,199	-0,192	-1,872	15,255	211	05
1,430	000214	-1,180	-0,173	-1,853	15,250	214	05
1,424	000223	-1,161	-0,153	-1,834	15,264	223	05
1,399	000213	-1,142	-0,135	-1,816	15,257	213	05
1,375	000216	-1,124	-0,116	-1,797	15,251	216	05
1,359	000220	-1,104	-0,097	-1,778	15,255	220	05
1,334	000221	-1,079	-0,072	-1,753	15,255	221	05
1,317	000224	-1,060	-0,053	-1,734	15,257	224	05
1,301	000232	-1,042	-0,034	-1,715	15,259	232	05
1,279	000222	-1,023	-0,015	-1,696	15,256	222	05
1,216	000221	-1,004	0,003	-1,673	15,213	221	05
1,244	000223	-0,985	0,023	-1,658	15,259	223	05
1,224	000212	-0,960	0,048	-1,633	15,264	212	05
1,206	000209	-0,941	0,067	-1,615	15,265	209	05
1,176	000219	-0,922	0,085	-1,595	15,254	219	05
1,169	000216	-0,903	0,105	-1,577	15,266	216	05
1,152	000217	-0,884	0,125	-1,557	15,268	217	05
1,123	000216	-0,865	0,143	-1,538	15,258	216	05
1,111	000217	-0,840	0,169	-1,513	15,271	217	05
1,080	000219	-0,821	0,187	-1,494	15,260	219	05
1,066	000225	-0,802	0,206	-1,476	15,264	225	05
1,047	000219	-0,783	0,225	-1,457	15,264	219	05
1,029	000225	-0,764	0,244	-1,438	15,265	225	05
1,011	000217	-0,745	0,263	-1,419	15,266	217	05
0,994	000225	-0,727	0,282	-1,400	15,267	225	05
0,966	000245	-0,701	0,307	-1,375	15,264	245	05
0,951	000239	-0,682	0,326	-1,356	15,269	239	05
0,941	000218	-0,663	0,346	-1,337	15,277	218	05
0,910	000218	-0,645	0,364	-1,318	15,265	218	05
0,894	000232	-0,626	0,383	-1,299	15,268	232	05
0,871	000216	-0,607	0,402	-1,280	15,264	216	05
0,848	000226	-0,582	0,427	-1,255	15,266	226	05
0,831	000223	-0,563	0,446	-1,236	15,268	223	05
0,812	000220	-0,544	0,464	-1,218	15,267	220	05
0,790	000218	-0,525	0,484	-1,198	15,265	218	05
0,789	000210	-0,506	0,504	-1,179	15,282	210	04
0,754	000225	-0,487	0,522	-1,160	15,267	225	05
0,728	000225	-0,462	0,547	-1,135	15,266	225	05
0,710	000225	-0,443	0,566	-1,117	15,267	225	05
0,691	000219	-0,424	0,585	-1,097	15,267	219	05
0,674	000219	-0,405	0,604	-1,078	15,268	219	05
0,656	000210	-0,386	0,623	-1,059	15,269	210	05
0,638	000209	-0,367	0,642	-1,041	15,270	209	05
0,620	000208	-0,342	0,668	-1,015	15,278	208	05
0,589	000207	-0,323	0,686	-0,996	15,265	207	05
0,573	000207	-0,304	0,706	-0,977	15,269	207	05
0,556	000215	-0,285	0,724	-0,958	15,272	215	05
0,536	000206	-0,266	0,743	-0,939	15,271	206	05
0,520	000214	-0,247	0,762	-0,920	15,273	214	05
0,499	000206	-0,222	0,788	-0,895	15,277	206	05
0,482	000207	-0,203	0,807	-0,876	15,279	207	05
0,465	000206	-0,184	0,826	-0,857	15,281	206	05
0,401	000217	-0,165	0,845	-0,834	15,236	217	05
0,426	000215	-0,146	0,864	-0,819	15,280	215	05
0,399	000209	-0,127	0,883	-0,800	15,273	209	05
0,383	000221	-0,108	0,902	-0,781	15,275	221	05
0,355	000211	-0,083	0,927	-0,755	15,272	211	05
0,346	000216	-0,064	0,947	-0,737	15,282	216	05
0,329	000206	-0,045	0,966	-0,718	15,284	206	05
0,299	000212	-0,026	0,984	-0,699	15,273	212	05
0,291	000209	-0,007	1,004	-0,680	15,284	209	05
0,231	000220	0,012	1,022	-0,657	15,243	220	05
0,246	000220	0,037	1,047	-0,636	15,283	220	05
0,224	000210	0,056	1,066	-0,617	15,279	210	05
0,208	000220	0,075	1,086	-0,598	15,283	220	05
0,189	000214	0,094	1,104	-0,579	15,283	214	05
0,169	000212	0,113	1,123	-0,560	15,282	212	05
0,152	000215	0,131	1,142	-0,542	15,283	215	05
0,127	000217	0,156	1,167	-0,517	15,283	217	05
0,109	000210	0,175	1,186	-0,498	15,284	210	05
0,099	000219	0,194	1,206	-0,478	15,293	219	05
0,073	000209	0,213	1,224	-0,460	15,287	209	05
0,051	000209	0,232	1,243	-0,441	15,283	209	05
0,041	000208	0,251	1,263	-0,422	15,292	208	05
0,013	000230	0,276	1,288	-0,397	15,289	230	05
-0,007	000235	0,296	1,307	-0,378	15,289	235	05
-0,028	000210	0,314	1,325	-0,359	15,286	210	05
-0,043	000228	0,333	1,345	-0,340	15,291	228	05
-0,051	000220	0,352	1,365	-0,321	15,301	220	05
-0,082	000215	0,371	1,383	-0,302	15,290	215	05
-0,108	000237	0,397	1,408	-0,276	15,289	237	05
-0,126	000236	0,415	1,427	-0,257	15,289	236	05
-0,144	000240	0,434	1,446	-0,239	15,290	240	05
-0,160	000228	0,454	1,466	-0,219	15,294	228	05
-0,178	000216	0,473	1,485	-0,200	15,294	216	05
-0,199	000238	0,492	1,504	-0,181	15,293	238	05
-0,216	000252	0,517	1,530	-0,156	15,301	252	05
-0,244	000206	0,536	1,548	-0,137	15,293	206	05
-0,260	000238	0,555	1,568	-0,118	15,296	238	05
-0,277	000246	0,574	1,587	-0,099	15,297	246	05
-0,295	000204	0,593	1,605	-0,080	15,298	204	04
-0,314	000246	0,612	1,624	-0,061	15,298	246	05
-0,333	000205	0,631	1,643	-0,042	15,298	205	04
-0,354	000237	0,656	1,669	-0,017	15,303	237	05
-0,366	000249	0,675	1,688	0,002	15,309	249	05
-0,393	000251	0,694	1,706	0,021	15,300	251	05
-0,412	000205	0,712	1,725	0,039	15,300	205	04
-0,430	000246	0,732	1,744	0,059	15,301	246	05
-0,451	000245	0,750	1,763	0,077	15,300	245	05
-0,476	000205	0,776	1,788	0,103	15,300	205	05
-0,494	000222	0,794	1,807	0,121	15,300	222	05
-0,507	000206	0,813	1,826	0,140	15,306	206	05
-0,520	000219	0,831	1,845	0,159	15,311	219	05
-0,548	000208	0,850	1,863	0,177	15,302	208	05
-0,563	000207	0,869	1,882	0,196	15,307	207	05
-0,590	000212	0,894	1,907	0,221	15,304	212	05
-0,608	000206	0,913	1,927	0,240	15,306	206	05
-0,627	000210	0,932	1,946	0,259	15,306	210	05
-0,647	000212	0,951	1,964	0,278	15,304	212	05
-0,663	000211	0,969	1,983	0,296	15,306	211	05
-0,681	000205	0,988	2,001	0,315	15,307	205	05
-0,701	000221	1,013	2,028	0,340	15,312	221	05
-0,725	000213	1,033	2,046	0,359	15,308	213	05
-0,757	000213	1,051	2,063	0,378	15,294	213	05
-0,775	000213	1,070	2,082	0,397	15,295	213	05
-0,800	000216	1,089	2,100	0,416	15,289	216	05
-0,814	000209	1,108	2,120	0,435	15,295	209	05
-0,843	000211	1,133	2,145	0,461	15,290	211	05
-0,856	000214	1,153	2,164	0,479	15,297	214	05
-0,915	000224	1,171	2,183	0,502	15,256	224	05
-0,898	000213	1,190	2,201	0,517	15,292	213	05
-0,918	000214	1,209	2,220	0,535	15,291	214	05
-0,924	000223	1,227	2,240	0,554	15,303	223	05
-0,953	000217	1,252	2,265	0,579	15,299	217	05
-0,970	000214	1,271	2,284	0,598	15,300	214	05
-0,995	000224	1,290	2,302	0,617	15,295	224	05
-1,014	000225	1,309	2,321	0,636	15,294	225	05
-1,015	000213	1,328	2,341	0,654	15,313	213	05
-1,041	000214	1,347	2,359	0,673	15,306	214	05
-1,062	000207	1,365	2,378	0,692	15,304	207	05
-1,087	000216	1,390	2,403	0,717	15,303	216	05
-1,103	000224	1,409	2,422	0,736	15,305	224	05
-1,122	000214	1,428	2,441	0,754	15,305	214	05
-1,143	000232	1,446	2,459	0,773	15,304	232	05
-1,164	000213	1,465	2,478	0,792	15,301	213	05
-1,177	000222	1,484	2,497	0,811	15,307	222	05
-1,201	000226	1,509	2,523	0,836	15,309	226	05
-1,227	000233	1,528	2,541	0,855	15,301	233	05
-1,241	000245	1,547	2,560	0,874	15,306	245	05
-1,262	000232	1,566	2,579	0,893	15,304	232	05
-1,279	000245	1,585	2,598	0,911	15,305	245	05
-1,297	000223	1,604	2,617	0,930	15,307	223	05
-1,325	000217	1,629	2,642	0,956	15,304	217	05
-1,341	000214	1,648	2,661	0,975	15,306	214	05
-1,353	000256	1,667	2,681	0,994	15,314	256	05
-1,378	000247	1,686	2,699	1,013	15,308	247	05
-1,393	000215	1,705	2,719	1,032	15,313	215	05
-1,412	000206	1,724	2,738	1,051	15,312	206	04
-1,439	000233	1,749	2,763	1,076	15,310	233	05
-1,455	000214	1,769	2,782	1,095	15,314	214	05
-1,477	000250	1,787	2,801	1,114	15,310	250	05
-1,534	000232	1,806	2,820	1,137	15,273	232	05
-1,512	000253	1,825	2,839	1,152	15,312	253	05
-1,531	000254	1,844	2,858	1,171	15,313	254	05
-1,558	000252	1,869	2,883	1,196	15,310	252	05
-1,578	000217	1,888	2,902	1,215	15,310	217	05
-1,590	000243	1,907	2,921	1,234	15,317	243	05
-1,606	000213	1,926	2,940	1,252	15,320	213	05
-1,636	000215	1,945	2,959	1,272	15,309	215	05
-1,638	000211	1,964	2,979	1,291	15,326	211	05
-1,677	000209	1,989	3,003	1,316	15,312	209	05
-1,689	000214	2,008	3,023	1,335	15,319	214	05
-1,711	000214	2,027	3,041	1,354	15,316	214	05
-1,728	000214	2,046	3,060	1,373	15,318	214	05
-1,744	000214	2,063	3,080	1,392	15,319	214	05
-1,760	000218	2,082	3,099	1,411	15,322	218	05
-1,779	000214	2,101	3,118	1,430	15,322	214	05
-1,807	000209	2,126	3,143	1,455	15,319	209	05
-1,822	000223	2,145	3,163	1,475	15,324	223	05
-1,844	000213	2,165	3,182	1,494	15,321	213	05
-1,863	000222	2,183	3,200	1,512	15,321	222	05
-1,883	000213	2,202	3,219	1,531	15,319	213	05
-1,896	000224	2,221	3,238	1,550	15,325	224	05
-1,925	000212	2,246	3,263	1,575	15,322	212	05
-1,940	000224	2,265	3,282	1,594	15,325	224	05
-1,958	000223	2,284	3,301	1,613	15,326	223	05
-1,976	000206	2,303	3,321	1,632	15,326	206	05
-2,000	000213	2,321	3,339	1,651	15,321	213	05
-2,016	000223	2,341	3,358	1,670	15,326	223	05
-2,036	000212	2,366	3,383	1,694	15,330	212	05
-2,062	000213	2,385	3,402	1,714	15,322	213	05
-2,075	000220	2,403	3,421	1,732	15,328	220	05
-2,093	000212	2,422	3,439	1,750	15,329	212	05
-2,112	000218	2,441	3,458	1,769	15,329	218	05
-2,126	000212	2,460	3,478	1,788	15,334	212	05
-2,153	000217	2,484	3,503	1,813	15,331	217	05
-2,171	000207	2,503	3,521	1,832	15,332	207	05
-2,194	000220	2,522	3,540	1,851	15,328	220	05
-2,211	000225	2,541	3,558	1,870	15,330	225	05
-2,230	000234	2,560	3,577	1,888	15,330	234	05
-2,246	000231	2,578	3,596	1,907	15,332	231	05
-2,276	000210	2,603	3,621	1,932	15,327	210	05
-2,295	000224	2,622	3,640	1,951	15,327	224	05
-2,307	000209	2,641	3,659	1,970	15,333	209	05
-2,325	000233	2,660	3,678	1,988	15,335	233	05
-2,339	000213	2,678	3,697	2,007	15,339	213	05
-2,364	000243	2,697	3,715	2,026	15,333	243	05
-2,376	000245	2,722	3,740	2,050	15,347	245	05
-2,391	000231	2,741	3,760	2,068	15,350	231	05
-2,408	000214	2,760	3,778	2,087	15,352	214	05
-2,424	000242	2,778	3,797	2,105	15,354	242	05
-2,440	000242	2,797	3,816	2,124	15,357	242	05
-2,462	000249	2,816	3,835	2,143	15,354	249	05
-2,481	000252	2,835	3,853	2,162	15,354	252	05
-2,505	000253	2,860	3,878	2,187	15,355	253	05
-2,520	000207	2,879	3,897	2,205	15,358	207	04
-2,537	000235	2,897	3,916	2,224	15,360	235	05
-2,556	000251	2,916	3,935	2,243	15,360	251	05
-2,569	000252	2,935	3,954	2,261	15,365	252	05
-2,596	000205	2,954	3,972	2,280	15,358	205	04
-2,619	000210	2,979	3,998	2,305	15,360	210	04
-2,635	000237	2,998	4,017	2,324	15,363	237	05
-2,657	000239	3,016	4,036	2,343	15,360	239	05
-2,675	000208	3,035	4,055	2,362	15,360	208	04
-2,694	000241	3,054	4,073	2,381	15,360	241	05
-2,710	000211	3,073	4,092	2,400	15,362	211	05
-2,734	000221	3,098	4,118	2,425	15,364	221	05
-2,759	000211	3,117	4,136	2,444	15,359	211	05
-2,763	000212	3,136	4,156	2,463	15,373	212	05
-2,796	000219	3,155	4,174	2,482	15,359	219	05
-2,803	000208	3,174	4,194	2,501	15,371	208	05
-2,824	000224	3,193	4,213	2,519	15,368	224	05
-2,848	000212	3,218	4,238	2,545	15,370	212	05
-2,877	000212	3,237	4,256	2,564	15,360	212	05
-2,890	000208	3,256	4,275	2,583	15,366	208	05
-2,909	000207	3,274	4,294	2,601	15,365	207	05
-2,928	000208	3,294	4,313	2,621	15,366	208	05
-2,944	000212	3,313	4,333	2,639	15,369	212	05
-2,967	000215	3,338	4,358	2,664	15,371	215	05
-2,987	000209	3,356	4,377	2,683	15,370	209	05
-3,001	000213	3,376	4,396	2,702	15,375	213	05
-3,023	000208	3,395	4,415	2,721	15,372	208	05
-3,042	000208	3,413	4,433	2,740	15,371	208	05
-3,060	000212	3,432	4,452	2,758	15,372	212	05
-3,085	000210	3,456	4,476	2,783	15,371	210	05
-3,102	000209	3,475	4,496	2,802	15,373	209	05
-3,119	000207	3,494	4,514	2,820	15,374	207	05
-3,141	000222	3,512	4,533	2,839	15,371	222	05
-3,158	000218	3,531	4,552	2,858	15,372	218	05
-3,179	000209	3,550	4,571	2,877	15,371	209	05
-3,196	000207	3,568	4,590	2,896	15,372	207	05
-3,251	000231	3,594	4,614	2,924	15,343	231	05
-3,240	000225	3,613	4,633	2,940	15,373	225	05
-3,253	000208	3,631	4,652	2,957	15,378	208	05
-3,273	000209	3,650	4,671	2,976	15,377	209	05
-3,291	000220	3,668	4,690	2,996	15,378	220	05
-3,307	000216	3,688	4,709	3,015	15,380	216	05
-3,334	000209	3,713	4,734	3,039	15,378	209	05
-3,347	000219	3,731	4,753	3,058	15,384	219	05
-3,401	000222	3,750	4,772	3,081	15,349	222	05
-3,392	000229	3,769	4,790	3,096	15,377	229	05
-3,407	000219	3,787	4,809	3,115	15,380	219	05
-3,422	000212	3,806	4,828	3,134	15,384	212	05
-3,448	000231	3,832	4,853	3,158	15,384	231	05
-3,468	000241	3,850	4,872	3,177	15,382	241	05
-3,488	000208	3,869	4,891	3,196	15,381	208	05
-3,505	000239	3,888	4,910	3,215	15,383	239	05
-3,519	000226	3,907	4,929	3,234	15,388	226	05
-3,538	000219	3,926	4,948	3,252	15,387	219	05
-3,566	000227	3,951	4,973	3,278	15,385	227	05
-3,582	000239	3,969	4,991	3,296	15,387	239	05
-3,605	000251	3,988	5,010	3,315	15,383	251	05
-3,619	000221	4,007	5,029	3,334	15,388	221	05
-3,641	000224	4,025	5,048	3,353	15,384	224	05
-3,656	000220	4,044	5,067	3,371	15,388	220	05
-3,683	000253	4,070	5,092	3,397	15,387	253	05
-3,702	000204	4,088	5,110	3,415	15,386	204	04
-3,717	000220	4,107	5,130	3,434	15,390	220	04
-3,735	000222	4,126	5,148	3,453	15,391	222	05
-3,756	000223	4,145	5,168	3,472	15,389	223	05
-3,772	000245	4,164	5,187	3,491	15,392	245	05
-3,799	000213	4,183	5,204	3,510	15,383	213	05
-3,820	000210	4,208	5,230	3,535	15,387	210	05
-3,830	000221	4,226	5,249	3,553	15,396	221	05
-3,852	000212	4,245	5,268	3,572	15,393	212	05
-3,873	000210	4,264	5,287	3,591	15,391	210	05
-3,891	000213	4,283	5,305	3,610	15,392	213	05
-3,911	000213	4,301	5,324	3,628	15,390	213	05
-3,933	000212	4,327	5,350	3,654	15,394	212	05
-3,956	000213	4,345	5,368	3,673	15,390	213	05
-3,971	000225	4,364	5,387	3,691	15,394	225	05
-3,986	000210	4,384	5,407	3,710	15,398	210	05
-4,010	000213	4,402	5,425	3,729	15,392	213	05
-4,021	000209	4,421	5,444	3,748	15,400	209	05
-4,049	000224	4,446	5,469	3,772	15,397	224	05
-4,071	000214	4,465	5,488	3,792	15,394	214	05
-4,082	000213	4,483	5,507	3,810	15,401	213	05
-4,101	000214	4,502	5,526	3,829	15,401	214	05
-4,118	000214	4,522	5,545	3,848	15,404	214	05
-4,147	000212	4,540	5,564	3,868	15,394	212	05
-4,166	000213	4,566	5,589	3,892	15,400	213	05
-4,184	000225	4,584	5,608	3,911	15,401	225	05
-4,206	000214	4,604	5,627	3,930	15,398	214	05
-4,226	000213	4,623	5,646	3,950	15,397	213	05
-4,244	000214	4,642	5,666	3,969	15,398	214	05
-4,255	000216	4,661	5,685	3,987	15,406	216	05
-4,287	000209	4,686	5,710	4,013	15,399	209	05
-4,305	000215	4,706	5,729	4,033	15,401	215	05
-4,316	000211	4,725	5,749	4,052	15,409	211	05
-4,343	000223	4,745	5,768	4,071	15,401	223	05
-4,361	000214	4,763	5,787	4,090	15,403	214	05
-4,378	000225	4,782	5,806	4,109	15,404	225	05
-4,403	000209	4,807	5,832	4,134	15,405	209	05
-4,422	000225	4,826	5,850	4,153	15,404	225	05
-4,440	000232	4,845	5,869	4,172	15,405	232	05
-4,457	000224	4,864	5,888	4,191	15,407	224	05
-4,476	000222	4,883	5,907	4,210	15,406	222	05
-4,491	000215	4,902	5,927	4,229	15,411	215	05
-4,511	000231	4,921	5,946	4,248	15,411	231	05
-4,540	000242	4,946	5,971	4,274	15,407	242	05
-4,555	000244	4,966	5,990	4,292	15,410	244	05
-4,574	000205	4,985	6,009	4,311	15,410	205	04
-4,594	000222	5,003	6,028	4,330	15,409	222	05
-4,611	000246	5,022	6,047	4,349	15,411	246	05
-4,629	000251	5,041	6,066	4,368	15,412	251	05
-4,656	000244	5,066	6,091	4,393	15,410	244	05
-4,670	000243	5,085	6,110	4,412	15,415	243	05
-4,689	000239	5,104	6,129	4,431	15,415	239	05
-4,704	000244	5,123	6,149	4,450	15,419	244	05
-4,727	000243	5,142	6,167	4,469	15,415	243	05
-4,748	000249	5,161	6,186	4,488	15,413	249	05
-4,771	000245	5,186	6,211	4,513	15,415	245	05
-4,790	000233	5,205	6,230	4,532	15,415	233	05
-4,808	000205	5,224	6,250	4,551	15,417	205	04
-4,823	000249	5,243	6,268	4,570	15,420	249	05
-4,845	000245	5,262	6,287	4,589	15,417	245	05
-4,863	000244	5,281	6,307	4,608	15,418	244	05
-4,888	000245	5,306	6,332	4,633	15,418	245	05
-4,905	000219	5,325	6,351	4,652	15,419	219	05
-4,920	000214	5,344	6,370	4,671	15,424	214	05
-4,947	000214	5,363	6,389	4,690	15,416	214	05
-4,963	000224	5,382	6,408	4,709	15,418	224	05
-4,982	000214	5,400	6,427	4,728	15,418	214	05
-5,006	000214	5,425	6,452	4,753	15,420	214	05
-5,023	000223	5,444	6,471	4,771	15,422	223	05
-5,038	000212	5,463	6,490	4,790	15,425	212	05
-5,065	000211	5,482	6,508	4,809	15,417	211	05
-5,075	000223	5,501	6,527	4,828	15,426	223	05
-5,090	000214	5,520	6,546	4,847	15,429	214	05
-5,120	000218	5,545	6,571	4,872	15,425	218	05
-5,134	000213	5,564	6,591	4,891	15,430	213	05
-5,157	000212	5,583	6,609	4,910	15,425	212	05
-5,174	000207	5,602	6,629	4,929	15,428	207	05
-5,196	000222	5,620	6,647	4,948	15,425	222	05
-5,210	000214	5,639	6,666	4,966	15,429	214	05
