64051.45	64216.11	45983.18	64357.66	300900	
64051.35	64216.35	45983.07	64357.94	300563	
64051.15	64216.46	45983.04	64357.98	298323	
64051.51	64216.41	45983.18	64358.05	299148	
64051.48	64216.38	45983.09	64358.07	298224	
64050.95	64215.82	45983.10	64357.43	299968	
64051.56	64216.28	45983.15	64358.13	300505	
64051.71	64216.60	45983.07	64358.05	298194	
64051.07	64215.82	45983.08	64357.48	299641	
64050.71	64215.52	45983.08	64357.12	299577	
64051.49	64216.52	45983.18	64358.00	298120	
64051.06	64216.12	45983.16	64357.49	299173	
64051.42	64216.51	45983.15	64358.03	301949	
64051.03	64215.89	45983.08	64357.51	298933	
64051.72	64216.69	45983.19	64358.21	300648	
64051.76	64216.70	45983.14	64358.22	299067	
64051.90	64216.90	45983.25	64358.41	301041	
64051.46	64216.39	45983.16	64358.09	298276	
64051.38	64216.49	45983.17	64358.01	299989	
64051.50	64216.42	45983.16	64358.05	297905	
64051.72	64216.71	45983.09	64358.44	297607	
64050.50	64215.39	45983.23	64357.00	300033	
64050.66	64215.57	45983.10	64357.31	298303	
64051.31	64216.14	45983.10	64357.85	299029	
64051.26	64216.09	45983.12	64357.81	300492	
64051.38	64216.48	45983.13	64358.04	300555	
64051.29	64216.31	45983.13	64357.94	300257	
64051.07	64216.29	45983.16	64357.68	298333	
64051.24	64216.11	45983.16	64357.61	298417	
64051.26	64216.13	45983.15	64357.74	299677	
64051.19	64216.08	45983.14	64357.82	300640	
64051.52	64216.14	45983.17	64357.99	299812	
64051.14	64215.78	45983.15	64357.44	298446	
64051.19	64215.75	45983.16	64357.37	300318	
64051.60	64216.09	45983.16	64357.63	300502	
64051.56	64216.21	45983.16	64358.05	300788	
64051.21	64216.03	45983.20	64357.71	298085	
64051.05	64215.73	45983.17	64357.49	300128	
64051.15	64215.84	45983.12	64357.50	297658	
64051.20	64216.21	45983.26	64357.57	298753	
64051.61	64216.38	45983.12	64357.96	299202	
64051.45	64216.43	45983.12	64357.93	299067	
64050.60	64215.65	45983.09	64357.02	299091	
64051.25	64216.40	45983.18	64357.62	300639	
64050.96	64215.98	45983.28	64357.51	300315	
64050.73	64215.59	45983.22	64356.94	299053	
64050.88	64215.73	45983.19	64357.35	298674	
64050.80	64215.59	45983.16	64357.16	300551	
64051.15	64215.90	45983.21	64357.59	298324	
64051.05	64215.97	45983.17	64357.45	298459	
64050.91	64215.77	45983.22	64357.43	298703	
64051.03	64215.87	45983.13	64357.40	298767	
64051.08	64216.08	45983.24	64357.65	298916	
64051.29	64216.20	45983.18	64357.61	300476	
64051.34	64216.13	45983.20	64357.66	300346	
64051.64	64216.40	45983.18	64357.96	298525	
64051.50	64216.26	45983.15	64357.85	298762	
64051.68	64216.40	45983.18	64358.09	300135	
64051.73	64216.58	45983.26	64358.29	297653	
64051.62	64216.39	45983.23	64358.07	299654	
64051.50	64216.40	45983.12	64357.97	300965	
64052.03	64216.95	45983.19	64358.55	310609	
64051.75	64216.52	45983.21	64358.43	300107	
64050.98	64215.62	45983.23	64357.62	300659	
64051.19	64215.98	45983.26	64358.00	299495	
64051.58	64216.14	45983.21	64358.19	300681	
64051.62	64216.24	45983.32	64358.29	299839	
64051.31	64215.93	45983.23	64357.74	300825	
64052.22	64216.75	45983.20	64358.73	300491	
64052.71	64217.53	45983.23	64359.43	300177	
64052.81	64217.45	45983.32	64359.39	300671	
64052.52	64217.26	45983.33	64358.97	297726	
64053.52	64218.28	45983.27	64359.91	300756	
64054.32	64219.11	45983.14	64360.94	298993	
64054.19	64219.09	45983.18	64360.79	300206	
64051.08	64216.07	45983.12	64357.82	300265	
64052.26	64217.02	45983.03	64358.96	297936	
64053.96	64218.98	45983.00	64360.76	299158	
64051.51	64216.40	45983.09	64358.40	297859	
64051.20	64216.00	45983.18	64357.97	298980	
64051.76	64216.76	45983.12	64358.62	300269	
64050.94	64215.83	45983.10	64357.60	300487	
64051.10	64216.12	45983.14	64357.88	300056	
64052.18	64217.05	45983.03	64358.62	300274	
64053.53	64218.01	45983.17	64359.96	301459	
64053.25	64217.96	45983.11	64359.64	298451	
64051.58	64216.64	45983.19	64358.41	300834	
64050.62	64215.67	45983.17	64357.36	300129	
64052.28	64217.25	45983.12	64358.91	300313	
64049.78	64214.91	45983.15	64356.65	298195	
64051.21	64216.39	45983.15	64358.06	299644	
64051.88	64216.94	45983.11	64358.56	297462	
64050.82	64215.75	45983.17	64357.33	300575	
64051.30	64216.29	45983.11	64357.94	299440	
64051.39	64216.22	45983.13	64358.12	300073	
64052.28	64217.30	45983.06	64358.96	300331	
64051.88	64216.95	45983.08	64358.60	299477	
64052.23	64217.20	45983.16	64358.95	297962	
64052.29	64217.37	45983.19	64359.07	299911	
64051.07	64216.06	45983.17	64357.85	297868	
64050.75	64215.96	45983.13	64357.57	299807	
64051.16	64216.31	45983.13	64358.05	299213	
64050.48	64215.66	45983.14	64357.34	300703	
64050.98	64216.11	45983.14	64358.03	299344	
64051.73	64216.92	45983.28	64358.64	300738	
64051.88	64217.32	45983.24	64358.91	298031	
64051.09	64216.33	45983.21	64357.85	299807	
64050.87	64216.27	45983.20	64357.59	298844	
64051.88	64217.23	45983.16	64358.60	299118	
64051.58	64217.09	45983.25	64358.43	299706	
64051.19	64216.39	45983.21	64358.18	298978	
64051.33	64216.79	45983.07	64358.26	300422	
64051.06	64216.43	45983.16	64358.16	299370	
64050.48	64215.64	45983.18	64357.57	300550	
64050.69	64215.77	45983.21	64357.50	299283	
64050.46	64215.78	45983.14	64357.39	299510	
64050.17	64215.42	45983.22	64357.11	299936	
64050.11	64215.37	45983.16	64356.99	298132	
64049.57	64214.98	45983.19	64356.72	301051	
64050.19	64215.48	45983.23	64356.99	299869	
64050.49	64215.87	45983.16	64357.55	298843	
64050.30	64215.37	45983.19	64357.21	300766	
64050.79	64216.00	45983.14	64357.68	298932	
64050.09	64215.43	45983.21	64356.93	301916	
64050.10	64215.33	45983.12	64357.00	301131	
64050.07	64215.27	45983.07	64357.03	301733	
64050.92	64215.86	45983.16	64357.60	299886	
64050.75	64215.67	45983.19	64357.46	300157	
64050.73	64215.86	45983.10	64357.53	299390	
64051.14	64216.19	45983.11	64357.91	299039	
64050.35	64215.49	45983.25	64357.26	298799	
64050.50	64215.64	45983.17	64357.53	300329	
64050.36	64215.58	45983.17	64357.39	299839	
64050.72	64215.79	45983.17	64357.57	298175	
64050.68	64215.71	45983.11	64357.47	299937	
64050.52	64215.58	45983.05	64357.35	298285	
64050.60	64215.69	45983.05	64357.51	301581	
64050.39	64215.57	45983.17	64357.47	298573	
64050.74	64215.89	45983.16	64357.86	300250	
64050.50	64215.73	45983.13	64357.44	297428	
64050.61	64215.98	45983.23	64357.62	301325	
64050.42	64215.76	45983.15	64357.42	300550	
64050.40	64215.69	45983.25	64357.46	300686	
64050.37	64215.69	45983.14	64357.67	299120	
64050.53	64215.84	45983.23	64357.85	300313	
64050.98	64216.19	45983.21	64358.07	299864	
64050.66	64215.87	45983.19	64357.64	298138	
64050.76	64216.26	45983.35	64358.04	299765	
64051.14	64216.44	45983.19	64358.28	300327	
64050.33	64215.54	45983.15	64357.45	299961	
64050.64	64215.92	45983.18	64357.56	298226	
64050.19	64215.50	45983.30	64357.21	298252	
64050.51	64215.78	45983.13	64357.47	298460	
64051.16	64216.48	45983.23	64358.14	300656	
64050.97	64216.30	45983.24	64358.12	300248	
64051.31	64216.39	45983.26	64358.16	298908	
64050.64	64215.95	45983.24	64357.46	299651	
64049.88	64215.23	45983.31	64356.89	298264	
64049.88	64215.09	45983.24	64356.85	300428	
64050.52	64215.60	45983.19	64357.32	299983	
64050.19	64215.42	45983.16	64357.04	300036	
64050.22	64215.55	45983.14	64357.31	298237	
64050.72	64215.99	45983.18	64357.61	299693	
64050.89	64216.02	45983.35	64357.63	299502	
64051.01	64216.19	45983.17	64357.77	299151	
64051.39	64216.50	45983.29	64358.20	298349	
64051.30	64216.50	45983.25	64358.13	301107	
64050.59	64215.78	45983.27	64357.55	297598	
64050.46	64215.87	45983.28	64357.39	300956	
64050.98	64216.44	45983.34	64358.08	300319	
64049.88	64215.45	45983.33	64357.03	298396	
64050.41	64215.80	45983.26	64357.50	302592	
64050.92	64216.26	45983.30	64357.82	300725	
64051.16	64216.48	45983.34	64358.08	302461	
64051.18	64216.48	45983.29	64358.27	299896	
64050.58	64215.93	45983.27	64357.66	299346	
64050.05	64215.39	45983.33	64356.90	299551	
64050.25	64215.62	45983.27	64357.15	299116	
64050.48	64216.02	45983.35	64357.46	299816	
64050.49	64216.00	45983.29	64357.29	298424	
64051.30	64216.61	45983.26	64358.12	298148	
64050.91	64216.21	45983.23	64357.76	299301	
64051.23	64216.46	45983.24	64357.83	300947	
64050.38	64215.83	45983.23	64357.12	299607	
64050.47	64215.81	45983.34	64357.17	299307	
64050.44	64215.86	45983.25	64357.46	300323	
64050.46	64215.69	45983.27	64357.22	301644	
64050.97	64216.27	45983.19	64357.84	297868	
64050.72	64216.02	45983.24	64357.55	299067	
64051.14	64216.46	45983.20	64357.86	298156	
64050.73	64216.09	45983.31	64357.54	301376	
64050.08	64215.42	45983.28	64356.76	298638	
64050.22	64215.57	45983.22	64357.05	299417	
64050.33	64215.70	45983.19	64357.16	299961	
64050.48	64215.69	45983.25	64357.40	302487	
64050.85	64216.18	45983.19	64357.94	297611	
64050.75	64216.07	45983.26	64357.75	305466	
64050.39	64215.91	45983.24	64357.37	300381	
64050.03	64215.41	45983.05	64356.87	300177	
64051.31	64216.45	45983.18	64358.00	300782	
64050.43	64215.65	45983.13	64357.30	300122	
64050.47	64215.50	45983.27	64357.14	300187	
64050.63	64215.68	45983.28	64357.47	298588	
64050.35	64215.61	45983.26	64357.28	298527	
64050.47	64215.85	45983.19	64357.48	298886	
64050.67	64215.85	45983.21	64357.55	302365	
64051.03	64216.17	45983.22	64357.93	298795	
64050.38	64215.60	45983.22	64357.48	297971	
64051.03	64216.04	45983.28	64357.66	298703	
64050.61	64215.80	45983.10	64357.33	299484	
64050.68	64215.97	45983.17	64357.42	299939	
64050.44	64215.62	45983.14	64357.25	298896	
64050.24	64215.60	45983.26	64357.25	300396	
64050.28	64215.77	45983.20	64357.26	300047	
64050.24	64215.74	45983.22	64357.19	299999	
64050.04	64215.46	45983.23	64357.09	301058	
64050.42	64215.83	45983.20	64357.37	298089	
64050.84	64216.28	45983.31	64357.55	299320	
64050.65	64216.11	45983.22	64357.44	297653	
64050.68	64216.28	45983.40	64357.58	301315	
64050.71	64216.12	45983.22	64357.55	298769	
64050.45	64216.00	45983.26	64357.44	304038	
64051.34	64216.67	45983.04	64358.26	300112	
64050.86	64216.35	45983.17	64357.71	299939	
64050.42	64216.08	45983.21	64357.32	300854	
64050.45	64216.17	45983.17	64357.17	300399	
64050.71	64216.28	45983.23	64357.33	298576	
64050.62	64216.24	45983.23	64357.32	297628	
64050.75	64216.57	45983.18	64357.73	300606	
64050.11	64215.69	45983.32	64357.00	300101	
64050.40	64215.72	45983.26	64357.16	300262	
64050.27	64215.80	45983.22	64357.13	300184	
64050.00	64215.57	45983.17	64356.77	297942	
64050.35	64215.85	45983.20	64357.29	298339	
64051.04	64216.64	45983.25	64358.10	298872	
64050.68	64216.43	45983.23	64357.67	300127	
64050.50	64216.18	45983.20	64357.46	299737	
64050.08	64216.06	45983.17	64357.30	297953	
64050.18	64215.92	45983.17	64357.08	300392	
64050.29	64216.28	45983.27	64357.19	299098	
64050.51	64216.36	45983.19	64357.36	299253	
64049.95	64215.54	45983.19	64356.98	300220	
64050.02	64215.50	45983.16	64356.89	300969	
64050.43	64215.99	45983.12	64357.39	300815	
64050.30	64215.82	45983.29	64357.21	297133	
64049.97	64215.52	45983.16	64356.92	299584	
64050.24	64215.76	45983.25	64357.10	300585	
64050.31	64215.66	45983.26	64357.17	298210	
64050.35	64215.67	45983.26	64357.27	299498	
64050.52	64215.86	45983.25	64357.48	299734	
64050.25	64215.59	45983.15	64357.33	298791	
64050.50	64215.87	45983.22	64357.53	299927	
64050.95	64216.12	45983.19	64358.00	299245	
64051.31	64216.65	45983.25	64358.41	299833	
64050.89	64216.14	45983.25	64357.94	297436	
64050.36	64215.70	45983.24	64357.40	299604	
64050.48	64215.68	45983.13	64357.64	298514	
64050.80	64216.11	45983.10	64357.90	299986	
64051.00	64216.37	45983.16	64358.09	300360	
64050.45	64215.54	45983.09	64357.32	300163	
64050.36	64215.47	45983.17	64357.31	298294	
64050.72	64215.77	45983.24	64357.66	302190	
64050.37	64215.64	45983.12	64357.44	300743	
64050.50	64215.75	45983.13	64357.77	300813	
64050.55	64215.67	45983.12	64357.60	300585	
64050.45	64215.48	45983.17	64357.26	299269	
64050.80	64215.71	45983.23	64357.60	300685	
64050.69	64215.76	45983.17	64357.54	298242	
64050.50	64215.65	45983.10	64357.40	300969	
64050.53	64215.58	45983.15	64357.38	299607	
64050.41	64215.44	45983.10	64357.30	298922	
64050.41	64215.41	45983.21	64357.26	299998	
64050.45	64215.58	45983.22	64357.23	300363	
64050.48	64215.39	45983.18	64357.30	299361	
64050.48	64215.47	45983.16	64357.27	300574	
64050.54	64215.57	45983.17	64357.42	300801	
64050.60	64215.64	45983.05	64357.44	300398	
64050.35	64215.35	45983.05	64357.18	301042	
64050.64	64215.68	45983.05	64357.43	297967	
64050.94	64215.80	45983.01	64357.79	299439	
64050.77	64215.68	45983.14	64357.62	300619	
64050.70	64215.64	45983.10	64357.68	300506	
64050.58	64215.51	45983.09	64357.57	301204	
64050.64	64215.41	45983.08	64357.62	300066	
64050.53	64215.42	45983.12	64357.55	300543	
64050.50	64215.47	45983.16	64357.45	300268	
64050.60	64215.57	45983.12	64357.38	299975	
64050.71	64215.73	45983.07	64357.37	299376	
64050.51	64215.60	45983.01	64357.41	298999	
64050.79	64215.78	45983.15	64357.41	298172	
64050.60	64215.62	45983.14	64357.45	298016	
64050.73	64215.77	45983.17	64357.59	297267	
64050.85	64215.75	45983.15	64357.53	299351	
64051.01	64216.01	45983.16	64357.60	299343	
64050.78	64215.71	45983.18	64357.54	299623	
64051.05	64215.89	45983.24	64357.75	298896	
64050.74	64215.71	45983.20	64357.42	300229	
64050.99	64215.85	45983.28	64357.55	298195	
64051.28	64216.13	45983.15	64357.74	299313	
64051.30	64216.28	45983.28	64357.88	300157	
64051.28	64216.12	45983.26	64357.76	300782	
64051.12	64215.93	45983.24	64357.91	300536	
64051.53	64216.29	45983.16	64358.23	298221	
64051.22	64216.05	45983.21	64358.03	297886	
64050.92	64215.76	45983.09	64357.57	299533	
64050.99	64215.80	45983.10	64357.77	301737	
64050.51	64215.56	45983.21	64357.32	298115	
64050.31	64215.44	45983.18	64357.09	301258	
64050.46	64215.57	45983.10	64357.21	300111	
64050.67	64215.58	45983.11	64357.67	300255	
64050.58	64215.53	45983.08	64357.74	298879	
64050.53	64215.40	45983.07	64357.76	299961	
64051.20	64216.03	45983.17	64358.31	297335	
64051.11	64216.10	45983.14	64358.32	301678	
64050.66	64215.80	45983.07	64357.87	300332	
64050.84	64215.64	45983.16	64357.69	299332	
64051.02	64215.79	45983.16	64357.80	299799	
64050.82	64215.62	45983.20	64357.58	301307	
64050.87	64215.69	45983.11	64357.64	300673	
64050.88	64215.65	45983.20	64357.72	298899	
64051.08	64215.94	45983.24	64358.00	300511	
64051.07	64215.77	45983.07	64357.74	298993	
64050.85	64215.77	45983.15	64357.66	300544	
64051.01	64215.80	45983.15	64357.64	300549	
64050.87	64215.65	45983.10	64357.54	300312	
64050.54	64215.30	45983.14	64357.24	301238	
64050.58	64215.41	45983.13	64357.60	300453	
64050.94	64215.82	45983.12	64357.65	300289	
64051.16	64216.11	45983.28	64357.91	300516	
64050.76	64215.71	45983.13	64357.42	298448	
64050.97	64215.87	45983.13	64357.59	301354	
64050.64	64215.70	45983.12	64357.24	300029	
64050.35	64215.39	45983.10	64357.29	300285	
64050.36	64215.33	45983.08	64357.12	301262	
64050.64	64215.73	45983.08	64357.48	300097	
64051.21	64216.06	45983.15	64357.85	297758	
64050.88	64215.78	45983.09	64357.71	300076	
64050.46	64215.59	45983.10	64357.42	298566	
64050.67	64215.54	45983.14	64357.44	301144	
64050.91	64215.69	45983.11	64357.68	299565	
64051.02	64215.88	45983.16	64357.89	301784	
64050.96	64215.80	45983.16	64357.72	297558	
64050.65	64215.76	45983.15	64357.67	301418	
64050.71	64215.71	45983.21	64357.53	299978	
64050.86	64215.87	45983.16	64357.71	301108	
64051.03	64216.00	45983.14	64357.72	299872	
64051.10	64215.98	45983.13	64357.99	300659	
64050.94	64215.85	45983.14	64357.77	300008	
64051.16	64216.03	45983.15	64357.94	300713	
64051.11	64215.92	45983.17	64358.01	299662	
64050.97	64215.77	45983.16	64357.55	298998	
64051.13	64216.04	45983.04	64357.89	300321	
64051.48	64216.38	45983.17	64358.11	300512	
64051.37	64216.30	45983.07	64358.05	298954	
64051.21	64216.25	45983.23	64357.85	298988	
64051.04	64216.16	45983.17	64357.76	299478	
64051.27	64216.33	45983.13	64357.87	299066	
64050.76	64215.86	45983.05	64357.44	299155	
64050.61	64215.83	45983.07	64357.26	299204	
64050.56	64215.60	45983.09	64357.35	301418	
64050.73	64215.61	45983.17	64357.42	300864	
64050.76	64215.75	45983.15	64357.62	298263	
64050.97	64215.96	45983.14	64357.70	300867	
64051.23	64216.05	45983.13	64357.89	299201	
64051.00	64215.98	45983.10	64357.91	302008	
64050.98	64216.01	45983.01	64357.78	299604	
64050.81	64215.75	45983.00	64357.72	298742	
64051.20	64216.18	45983.15	64358.05	298756	
64051.05	64215.88	45983.16	64357.85	301526	
64050.85	64215.95	45983.10	64357.79	300414	
64051.02	64215.93	45983.16	64357.82	299652	
64050.84	64215.78	45983.08	64357.73	300534	
64050.69	64215.75	45983.10	64357.72	299991	
64050.80	64215.84	45983.05	64357.75	298800	
64050.64	64215.94	45983.10	64357.73	300908	
64050.97	64215.89	45983.16	64357.93	297817	
64050.91	64215.89	45983.02	64358.17	299980	
64051.21	64216.18	45983.01	64358.44	300651	
64051.14	64216.08	45983.08	64358.11	299830	
64051.14	64215.97	45983.04	64358.00	300651	
64050.83	64215.91	45983.03	64358.01	300775	
64051.08	64216.08	45983.09	64358.08	298513	
64050.96	64215.94	45983.10	64358.08	300376	
64051.33	64216.21	45982.99	64358.45	299302	
64050.82	64215.63	45982.94	64357.80	300892	
64050.73	64215.93	45983.06	64357.89	299496	
64050.80	64215.95	45983.19	64357.89	299916	
64051.21	64216.30	45983.03	64358.34	299812	
64051.26	64216.29	45983.10	64358.46	299358	
64051.07	64216.00	45983.05	64357.95	299703	
64050.69	64215.80	45983.00	64357.70	300772	
64050.78	64215.86	45983.09	64357.57	300878	
64051.19	64216.14	45983.01	64357.98	300177	
64051.11	64216.10	45983.12	64357.74	300792	
64050.88	64215.79	45983.12	64357.65	299791	
64051.64	64216.38	45983.09	64358.29	299344	
64051.13	64215.80	45983.11	64357.95	300941	
64050.91	64215.83	45983.05	64358.02	299856	
64051.04	64215.83	45983.07	64357.85	300364	
64051.04	64215.85	45983.05	64357.87	298741	
64050.97	64215.91	45983.08	64357.89	298190	
64051.02	64216.06	45983.15	64358.00	299740	
64051.03	64216.09	45983.12	64357.99	297239	
64050.86	64215.95	45983.08	64358.02	300541	
64051.08	64216.00	45983.13	64358.17	297392	
64050.93	64215.96	45983.08	64357.89	301190	
64050.85	64215.85	45983.05	64357.79	298952	
64050.79	64216.03	45983.11	64358.00	299521	
64050.74	64215.81	45983.06	64357.85	298489	
64050.96	64216.01	45983.07	64358.00	299066	
64051.01	64215.95	45983.08	64358.00	298087	
64050.69	64215.91	45983.09	64357.79	299525	
64051.23	64216.08	45983.03	64358.11	300350	
64051.07	64216.16	45983.06	64358.05	297256	
64050.71	64215.96	45983.13	64357.87	299305	
64050.98	64216.19	45983.15	64358.06	298403	
64051.13	64216.10	45983.14	64358.25	301120	
64051.16	64216.17	45983.03	64358.04	298844	
64051.55	64216.58	45983.03	64358.59	299450	
64051.95	64216.98	45983.08	64358.94	300313	
64051.12	64216.14	45983.20	64358.15	299317	
64051.55	64216.57	45983.15	64358.51	299852	
64051.21	64216.11	45983.14	64357.98	300894	
64050.96	64215.95	45983.18	64357.85	299299	
64051.14	64216.31	45983.18	64358.28	300625	
64050.89	64216.06	45983.18	64357.98	300242	
64051.10	64216.34	45983.10	64358.19	298273	
64050.82	64216.05	45982.98	64357.81	299218	
64050.96	64216.07	45983.07	64357.92	298592	
64050.92	64216.04	45982.97	64357.92	299348	
64050.93	64216.00	45982.98	64357.87	299833	
64051.77	64216.80	45983.13	64358.80	300780	
64051.53	64216.60	45983.13	64358.58	299270	
64050.32	64215.55	45983.00	64357.51	299853	
64050.47	64215.82	45983.04	64357.67	299581	
64051.20	64216.35	45983.09	64358.29	301212	
64053.08	64218.48	45983.13	64360.16	298238	
64051.54	64216.76	45983.07	64358.67	303192	
64051.43	64216.73	45983.07	64358.58	300629	
64051.44	64216.69	45983.08	64358.26	297896	
64051.44	64216.85	45983.15	64358.64	300270	
64050.87	64216.41	45983.10	64358.18	298492	
64051.68	64217.08	45983.13	64358.82	297716	
64052.33	64217.79	45983.17	64359.41	300430	
64051.22	64216.80	45983.03	64358.48	300969	
64050.83	64216.26	45983.21	64357.92	298649	
64050.77	64216.25	45983.21	64358.07	300326	
64050.32	64215.81	45983.13	64357.51	300847	
64051.38	64216.84	45983.17	64358.57	299683	
64052.06	64217.57	45983.10	64359.30	300453	
64051.01	64216.56	45983.13	64358.26	299440	
64050.70	64216.28	45983.18	64357.94	300036	
64050.73	64216.42	45983.16	64358.09	300012	
64051.01	64216.66	45983.20	64358.57	300417	
64051.00	64216.59	45983.23	64358.40	300195	
64050.50	64216.17	45983.18	64357.90	299464	
64050.25	64215.72	45983.23	64357.29	300627	
64050.53	64216.01	45983.17	64357.76	299272	
64050.82	64216.10	45983.08	64357.84	298277	
64050.64	64216.04	45983.10	64357.89	301027	
64050.18	64215.77	45983.15	64357.48	298017	
64050.82	64216.24	45983.08	64358.13	298671	
64051.55	64217.04	45983.05	64358.94	300216	
64051.19	64216.89	45983.19	64358.46	305067	
64051.05	64216.48	45983.16	64358.30	299637	
64051.09	64216.83	45983.05	64358.43	300031	
64050.73	64216.37	45983.15	64357.89	299940	
64050.80	64216.54	45983.10	64358.08	301047	
64050.75	64216.29	45983.04	64358.03	298020	
64051.21	64216.62	45983.07	64358.44	301002	
64051.72	64217.01	45983.17	64358.94	297579	
64052.17	64217.34	45983.08	64359.23	301343	
64050.18	64215.47	45983.03	64357.44	298218	
64052.06	64217.30	45983.17	64359.36	300626	
64051.22	64216.66	45983.10	64358.52	299594	
64051.68	64217.00	45983.13	64358.77	301805	
64050.89	64216.23	45983.14	64358.11	300834	
64050.78	64216.14	45983.15	64358.10	298055	
64051.35	64216.59	45983.05	64358.81	299048	
64051.85	64217.09	45983.22	64358.91	300093	
64051.50	64216.85	45983.07	64358.55	299996	
64050.41	64215.78	45983.15	64357.60	300241	
64050.48	64215.66	45983.07	64357.61	299897	
64051.22	64216.40	45983.05	64358.24	299654	
64051.17	64216.45	45983.03	64358.33	300143	
64051.28	64216.59	45983.14	64358.45	300917	
64051.11	64216.35	45983.14	64358.16	299735	
64050.46	64216.00	45983.21	64357.58	297451	
64050.28	64215.66	45983.18	64357.26	300499	
64050.63	64215.90	45983.16	64357.67	298836	
64050.01	64215.41	45983.16	64357.42	299319	
64050.52	64215.83	45983.00	64357.64	299205	
64050.73	64215.86	45983.14	64357.75	300220	
64050.29	64215.65	45983.16	64357.45	299312	
64050.26	64215.59	45983.06	64357.35	299894	
64050.51	64215.96	45983.05	64357.68	297998	
64050.60	64216.05	45983.16	64357.91	299989	
64050.30	64215.92	45983.06	64357.53	299562	
64050.34	64215.99	45983.06	64357.51	300245	
64050.50	64215.98	45983.16	64357.61	299798	
64050.49	64216.08	45983.12	64357.66	300063	
64050.43	64215.82	45983.08	64357.36	300419	
64050.36	64215.60	45982.97	64357.33	298270	
64050.33	64215.74	45982.96	64357.30	299405	
64050.53	64216.01	45982.98	64357.74	299118	
64050.72	64216.10	45983.06	64357.83	301555	
64050.39	64215.88	45982.98	64357.59	300604	
64050.57	64216.14	45983.00	64357.72	300073	
64050.23	64215.67	45983.03	64357.51	299609	
64050.48	64215.78	45983.01	64357.53	298857	
64050.70	64216.20	45983.15	64357.66	300735	
64050.62	64216.14	45983.05	64357.67	301216	
64050.57	64216.00	45983.02	64357.76	299874	
64050.66	64215.96	45983.05	64357.76	299834	
64050.36	64215.84	45983.07	64357.67	298881	
64050.47	64216.03	45983.00	64357.77	301087	
64050.44	64215.74	45982.97	64357.41	300193	
64050.73	64215.93	45983.12	64357.70	299933	
64050.39	64215.79	45983.15	64357.46	299327	
64050.40	64215.84	45983.15	64357.63	300810	
64050.65	64215.91	45983.00	64357.67	300130	
64050.55	64215.96	45983.18	64357.70	299119	
64050.93	64216.19	45983.15	64358.14	299444	
64050.60	64216.08	45982.96	64357.87	299242	
64050.69	64216.06	45983.11	64357.99	301770	
64050.80	64216.23	45983.06	64358.15	300066	
64050.49	64215.85	45983.26	64357.92	300368	
64050.57	64215.91	45983.20	64357.91	299990	
64050.68	64216.00	45983.19	64357.99	298648	
64050.64	64216.04	45983.14	64357.86	301087	
64050.58	64216.17	45983.17	64357.91	297761	
64050.80	64216.22	45983.17	64358.20	300748	
64050.42	64215.94	45983.14	64357.77	298708	
64050.38	64215.84	45983.05	64357.73	298433	
64050.42	64215.94	45983.05	64357.87	298381	
64050.52	64215.99	45983.05	64358.05	299904	
64050.76	64215.94	45983.19	64357.96	300533	
64050.74	64216.04	45983.16	64358.02	300950	
64051.09	64216.24	45983.05	64358.13	298829	
64050.76	64216.22	45983.10	64358.05	299804	
64050.49	64215.79	45983.03	64357.69	297316	
64050.44	64215.83	45983.06	64357.96	298465	
64050.46	64215.81	45983.14	64357.69	298716	
64050.82	64215.97	45983.08	64357.82	301041	
64051.00	64216.05	45983.09	64358.05	297644	
64051.52	64216.55	45983.10	64358.53	300679	
64050.75	64216.13	45983.16	64358.09	297484	
64050.18	64215.56	45983.04	64357.56	300781	
64050.61	64215.75	45983.18	64357.89	300574	
64050.51	64215.76	45983.17	64357.71	299017	
64051.30	64216.51	45983.14	64358.52	299930	
64051.08	64216.33	45983.15	64358.30	301050	
64051.44	64216.55	45983.22	64358.57	297393	
64050.70	64215.90	45983.22	64358.09	301122	
64050.84	64216.09	45983.08	64357.91	297606	
64050.96	64216.02	45983.14	64358.04	301496	
64050.38	64215.49	45983.12	64357.54	300504	
64050.72	64215.69	45983.12	64357.88	298316	
64050.80	64215.75	45983.08	64357.85	305769	
64050.80	64215.88	45983.12	64357.81	297476	
64050.36	64215.65	45983.09	64357.66	301201	
64051.30	64216.11	45983.18	64358.47	298516	
64050.89	64215.93	45982.98	64358.13	301081	
64050.39	64215.71	45983.12	64357.73	299752	
64050.57	64215.58	45983.12	64357.89	300288	
64051.09	64216.21	45983.22	64358.14	298737	
64050.72	64215.85	45983.10	64357.96	300949	
64051.02	64216.09	45983.09	64358.46	299942	
64051.02	64216.31	45983.05	64358.40	299737	
64050.74	64215.97	45983.12	64358.29	300216	
64050.71	64215.79	45983.11	64358.16	300161	
64051.22	64216.20	45983.21	64358.47	298054	
64050.62	64215.77	45983.09	64358.08	299757	
64050.91	64216.24	45983.12	64358.35	300365	
64050.87	64216.23	45983.16	64358.19	298345	
64051.12	64216.12	45983.11	64358.37	299478	
64051.31	64216.59	45983.14	64358.69	300437	
64051.01	64216.34	45983.13	64358.33	299491	
64050.77	64216.19	45983.24	64358.11	298604	
64050.44	64215.58	45983.19	64357.71	300744	
64050.57	64215.80	45983.07	64357.94	300924	
64050.61	64215.84	45983.22	64357.97	300402	
64050.57	64215.77	45983.09	64357.94	300957	
64050.44	64215.65	45983.12	64357.64	299941	
64050.78	64215.90	45983.09	64357.92	300237	
64050.93	64216.16	45983.13	64358.14	301177	
64050.58	64215.95	45983.06	64357.76	300513	
64051.03	64216.23	45983.00	64358.37	299466	
64050.81	64216.06	45983.08	64358.17	301003	
64050.85	64215.96	45983.14	64358.28	300183	
64050.59	64215.76	45983.07	64357.96	300736	
64050.37	64215.60	45983.16	64357.88	300182	
64050.35	64215.82	45983.12	64357.85	299252	
64050.62	64215.87	45983.15	64357.93	299368	
64050.57	64215.92	45983.19	64358.21	299321	
64050.55	64216.08	45983.16	64358.16	299390	
64050.82	64216.37	45983.10	64358.73	301031	
64051.00	64216.54	45983.17	64358.81	300434	
64050.67	64215.98	45983.20	64358.37	301001	
64050.64	64216.16	45983.23	64358.24	299140	
64050.28	64215.98	45983.16	64358.08	300499	
64050.12	64215.76	45983.11	64357.86	299727	
64050.39	64215.96	45983.12	64358.14	300878	
64050.86	64216.48	45983.17	64358.48	298802	
64050.26	64215.71	45983.10	64357.91	299660	
64050.17	64215.72	45983.14	64358.09	297382	
64050.49	64215.97	45983.12	64358.20	301507	
64050.36	64215.88	45983.13	64358.05	298062	
64050.85	64216.28	45983.17	64358.55	300386	
64051.32	64216.57	45983.12	64358.89	300003	
64050.82	64216.02	45983.19	64358.42	299611	
64050.46	64215.76	45983.05	64358.12	300064	
64050.48	64215.69	45983.11	64358.05	300501	
64050.84	64216.06	45983.18	64358.31	297949	
64050.55	64215.64	45983.15	64357.82	301454	
64050.91	64215.99	45983.21	64358.05	299503	
64050.80	64216.04	45983.08	64357.97	301114	
64050.40	64215.57	45983.02	64357.87	297830	
64050.60	64215.91	45983.10	64358.04	299773	
64051.10	64216.32	45983.06	64358.42	299576	
64051.58	64216.94	45983.14	64358.92	300465	
64051.26	64216.60	45983.06	64358.55	299008	
64051.05	64216.48	45983.03	64358.48	300206	
64050.81	64216.29	45983.09	64358.27	299205	
64050.58	64215.96	45983.11	64358.16	301054	
64050.66	64215.81	45983.08	64358.01	299268	
64050.42	64215.74	45983.09	64357.80	299991	
64050.80	64215.98	45983.20	64358.10	300255	
64050.94	64216.02	45983.07	64358.26	300454	
64051.46	64216.73	45983.07	64358.89	298759	
64050.99	64216.15	45983.23	64358.25	300563	
64050.78	64216.19	45983.19	64358.13	300489	
64051.18	64216.19	45983.12	64358.00	300323	
64051.31	64216.34	45983.14	64358.05	298750	
64051.44	64216.33	45983.10	64358.12	297713	
64051.22	64216.00	45983.06	64357.75	299816	
64050.94	64215.76	45983.07	64357.61	297621	
64050.94	64215.59	45983.08	64357.48	300078	
64051.30	64215.84	45983.05	64357.70	300312	
64051.29	64216.08	45983.10	64357.96	300152	
64051.59	64216.17	45983.12	64358.06	297662	
64051.59	64216.30	45983.09	64358.10	300355	
64051.39	64216.45	45983.13	64358.27	299130	
64051.63	64216.46	45983.11	64358.39	299304	
64050.87	64215.83	45983.12	64357.50	299096	
64051.05	64215.90	45983.10	64357.87	299922	
64051.16	64216.03	45982.99	64357.92	300698	
64051.62	64216.44	45983.05	64358.55	299171	
64051.32	64216.30	45983.05	64358.21	300551	
64051.53	64216.30	45983.10	64358.15	300936	
64051.26	64216.04	45983.05	64357.89	300546	
64051.50	64216.24	45983.12	64358.19	299637	
64051.25	64216.06	45983.06	64358.04	299332	
64051.50	64216.04	45983.17	64358.20	299427	
64051.41	64215.97	45983.17	64357.93	301620	
64051.48	64215.97	45983.12	64358.05	299088	
64051.30	64216.00	45983.09	64357.95	300693	
64051.76	64216.46	45983.10	64358.42	300341	
64051.42	64215.99	45983.08	64358.03	299499	
64051.12	64215.80	45983.04	64357.70	297323	
64051.28	64215.88	45983.06	64357.96	300747	
64051.32	64216.13	45983.12	64357.87	298653	
64051.51	64216.28	45983.12	64358.01	300350	
64051.49	64216.16	45983.10	64358.02	298218	
64051.37	64215.92	45983.12	64357.91	299579	
64051.32	64215.92	45983.19	64357.77	301199	
64051.36	64215.99	45983.06	64357.80	299747	
64051.30	64215.88	45983.12	64357.75	300343	
64051.28	64215.81	45983.07	64357.70	299176	
64051.28	64215.97	45983.12	64357.87	301257	
64051.27	64215.93	45983.08	64357.93	299642	
64051.83	64216.49	45983.23	64358.47	300730	
64050.99	64215.75	45983.12	64357.73	300469	
64051.57	64216.26	45983.12	64358.20	300565	
64051.38	64216.28	45983.19	64357.96	298666	
64051.01	64215.89	45983.08	64357.68	300628	
64051.32	64216.03	45983.12	64357.96	298637	
64051.39	64216.21	45983.13	64357.80	300935	
64051.16	64216.08	45983.17	64357.76	298650	
64051.36	64216.12	45983.07	64358.00	301538	
64051.34	64216.10	45983.09	64358.05	299492	
64051.46	64216.25	45983.06	64358.32	300471	
64051.27	64215.89	45983.10	64358.09	297649	
64051.14	64215.82	45983.15	64357.91	300435	
64051.35	64216.02	45983.05	64358.08	299053	
64051.05	64215.96	45983.09	64358.11	299021	
64051.11	64215.92	45983.16	64358.14	298212	
64051.31	64216.00	45983.13	64358.17	299588	
64051.68	64216.05	45983.19	64358.32	301014	
64051.56	64216.10	45983.17	64358.34	300040	
64051.44	64216.03	45983.12	64358.28	299355	
64051.37	64215.98	45983.21	64358.17	299388	
64051.65	64216.26	45983.18	64358.49	299764	
64051.65	64216.38	45983.19	64358.51	300282	
64051.27	64216.20	45983.26	64358.08	299784	
64051.05	64215.76	45983.26	64357.94	299669	
64051.25	64215.96	45983.27	64357.91	300722	
64051.32	64215.91	45983.22	64357.74	299973	
64051.70	64216.13	45983.30	64358.21	298889	
64051.76	64216.62	45983.15	64358.68	299481	
64051.79	64216.50	45983.19	64358.51	298979	
64051.55	64216.21	45983.14	64358.34	298513	
64051.39	64215.89	45983.28	64358.16	301679	
64051.22	64215.82	45983.10	64358.05	298710	
64051.15	64215.85	45983.16	64358.02	299282	
64051.17	64215.89	45983.21	64358.03	298001	
64051.55	64216.35	45983.14	64358.44	300543	
64051.22	64215.98	45983.06	64358.11	298022	
64051.69	64216.17	45983.16	64357.97	298851	
64051.57	64215.96	45983.10	64358.00	299219	
64051.58	64216.06	45983.14	64358.01	300763	
64051.47	64216.15	45983.18	64357.98	299007	
64051.37	64216.00	45983.03	64358.05	298885	
64051.70	64216.38	45983.16	64358.44	299651	
64051.98	64216.40	45983.17	64358.37	299607	
64051.50	64216.19	45983.18	64358.03	298799	
64051.58	64216.13	45983.22	64358.05	300947	
64051.82	64216.40	45983.14	64358.27	297918	
64051.73	64216.36	45983.15	64358.37	301505	
64051.40	64216.05	45983.15	64357.97	299040	
64051.04	64215.78	45983.08	64357.67	300543	
64051.41	64215.99	45983.03	64357.77	299362	
64051.50	64216.03	45983.16	64358.00	298960	
64051.64	64216.07	45983.08	64358.15	298107	
64051.74	64216.10	45983.21	64358.01	300726	
64051.34	64216.07	45983.10	64357.84	300568	
64051.48	64216.12	45983.10	64358.07	298899	
64051.44	64216.31	45983.17	64358.34	299472	
64051.73	64216.63	45983.17	64358.53	300488	
64051.62	64216.15	45983.19	64358.23	299118	
64051.55	64215.83	45983.14	64358.22	299662	
64051.33	64215.86	45983.04	64357.89	299984	
64051.45	64215.91	45983.16	64358.01	298137	
64051.75	64216.13	45983.16	64358.34	300681	
64051.72	64216.05	45983.12	64358.09	298672	
64051.58	64216.00	45983.07	64357.97	300538	
64051.60	64216.04	45983.14	64358.02	299178	
64051.59	64216.05	45983.13	64358.17	298541	
64051.83	64216.22	45983.17	64358.32	300078	
64052.07	64216.39	45983.08	64358.47	298872	
64052.08	64216.49	45983.00	64358.54	301205	
64051.57	64216.11	45983.00	64358.08	299773	
64051.48	64215.91	45982.91	64358.21	300408	
64051.73	64215.94	45983.11	64358.01	298235	
64051.50	64215.87	45983.00	64357.89	301049	
64051.64	64215.73	45982.96	64357.94	298097	
64051.54	64215.91	45983.00	64357.98	300905	
64051.37	64215.93	45983.02	64357.96	299425	
64051.26	64215.91	45982.96	64358.01	301279	
64051.49	64215.95	45982.98	64358.06	299026	
64051.92	64216.34	45983.06	64358.43	297815	
64052.26	64216.69	45983.00	64358.62	300731	
64051.69	64216.27	45983.13	64358.25	300236	
64051.70	64216.11	45982.96	64358.12	299968	
64051.92	64216.48	45982.98	64358.26	298789	
64052.01	64216.37	45983.03	64358.21	298727	
64051.75	64215.91	45983.05	64357.96	298502	
64051.42	64215.93	45983.10	64357.70	298357	
64051.64	64216.10	45983.08	64358.17	300499	
64051.84	64216.30	45983.01	64358.44	301212	
64051.65	64216.14	45983.10	64358.01	299483	
64052.08	64216.41	45983.10	64358.46	299509	
64052.08	64216.45	45983.04	64358.49	300976	
64051.52	64216.04	45983.04	64358.05	300017	
64051.44	64215.95	45983.07	64357.78	300283	
64051.98	64216.40	45983.03	64358.34	299187	
64051.46	64216.14	45982.94	64357.92	298978	
64051.48	64216.14	45982.98	64357.89	297472	
64051.39	64215.78	45982.98	64357.89	298356	
64051.48	64215.93	45982.96	64357.96	299109	
64051.76	64216.17	45982.97	64358.25	299038	
64051.70	64216.14	45983.05	64358.38	300531	
64051.50	64216.21	45983.12	64358.05	300603	
64051.41	64216.07	45983.07	64358.02	298252	
64051.50	64216.05	45983.04	64357.99	299602	
64051.40	64215.99	45983.02	64357.98	297420	
64051.50	64216.08	45983.00	64357.83	301168	
64051.66	64216.09	45982.99	64358.00	299202	
64051.73	64216.22	45983.08	64358.10	300555	
64051.57	64216.02	45983.00	64358.05	300503	
64051.64	64216.32	45983.11	64358.19	299414	
64052.06	64216.39	45983.07	64358.32	297912	
64051.89	64216.29	45983.01	64358.39	300603	
64051.52	64216.26	45983.06	64357.84	298981	
64051.36	64215.93	45982.99	64357.76	300923	
64051.35	64215.85	45983.06	64357.79	298850	
64051.54	64216.13	45983.12	64357.91	299956	
64051.40	64216.12	45982.99	64357.92	297978	
64051.52	64215.93	45983.05	64357.98	298524	
64051.38	64216.19	45983.00	64358.03	298545	
64051.63	64216.17	45983.13	64358.07	300023	
64051.35	64215.94	45983.02	64357.86	300142	
64051.55	64216.05	45983.16	64357.86	298577	
64051.59	64216.32	45982.99	64358.01	300354	
64051.84	64216.28	45983.10	64358.03	299929	
64051.69	64215.98	45982.99	64357.82	300629	
64051.72	64216.03	45982.98	64357.92	298732	
64051.64	64215.93	45983.05	64357.96	299456	
64051.63	64215.92	45983.14	64357.89	300721	
64051.82	64216.11	45983.13	64357.78	301567	
64051.66	64216.08	45983.14	64357.96	323195	
64051.63	64216.03	45983.14	64357.84	300991	
64051.60	64216.01	45983.12	64357.71	299729	
64051.75	64216.30	45983.17	64357.97	301482	
64051.58	64216.21	45983.14	64357.95	298764	
64051.59	64216.31	45983.10	64358.18	300463	
64051.81	64216.28	45983.02	64358.36	299483	
64051.78	64216.23	45983.09	64358.14	299172	
64051.82	64216.18	45983.13	64358.11	300261	
64052.10	64216.45	45983.18	64358.21	298953	
64051.67	64216.20	45983.17	64358.09	300368	
64051.73	64215.96	45983.07	64357.97	298296	
64051.64	64216.03	45983.08	64357.99	297915	
64051.46	64216.14	45983.11	64357.91	301061	
64051.59	64215.98	45982.99	64358.07	299902	
64051.93	64216.36	45983.14	64358.30	300496	
64051.76	64216.08	45983.16	64358.11	298381	
64051.46	64215.89	45983.03	64357.83	299102	
64051.45	64216.15	45982.96	64357.77	300374	
64051.68	64216.12	45983.09	64357.92	300673	
64051.85	64216.35	45983.07	64358.12	298823	
64051.99	64216.51	45983.05	64358.44	300056	
64051.80	64216.32	45983.02	64358.26	297886	
64051.98	64216.62	45983.04	64358.30	300574	
64051.81	64216.37	45982.93	64358.27	297764	
64051.83	64216.33	45982.97	64358.33	301309	
64051.74	64216.30	45983.02	64358.16	299044	
64051.48	64216.08	45983.07	64357.91	299721	
64051.93	64216.41	45983.11	64358.39	300160	
64051.95	64216.43	45982.92	64358.32	301067	
64051.45	64216.07	45982.94	64357.98	300136	
64051.55	64215.98	45983.10	64357.84	297536	
64051.48	64215.91	45983.13	64357.88	299858	
64051.27	64215.77	45983.09	64357.76	299585	
64051.49	64215.99	45983.01	64357.87	299807	
64051.45	64216.03	45982.98	64358.12	300938	
64051.69	64216.02	45983.05	64358.16	299769	
64051.76	64216.18	45982.98	64358.42	298218	
64051.84	64216.16	45982.99	64358.49	298483	
64051.54	64216.00	45983.03	64358.09	298195	
64051.48	64215.93	45983.04	64358.04	300856	
64051.52	64216.15	45983.04	64357.98	297714	
64051.69	64216.35	45983.04	64358.34	301248	
64052.05	64216.79	45983.03	64358.60	299424	
64051.81	64216.52	45983.01	64358.41	298760	
64051.72	64216.23	45983.09	64358.14	300103	
64051.75	64216.29	45983.04	64358.28	298825	
64051.58	64216.09	45983.07	64357.99	298818	
64051.36	64215.75	45982.99	64358.02	301223	
64051.53	64216.15	45983.14	64358.03	298286	
64051.46	64216.23	45983.04	64357.93	300016	
64051.78	64216.35	45983.03	64358.30	298292	
64051.91	64216.44	45983.01	64358.43	300113	
64051.69	64216.31	45983.07	64358.33	300261	
64051.65	64216.26	45982.96	64358.24	300847	
64051.49	64215.98	45982.94	64358.21	300287	
64051.69	64216.00	45983.06	64358.21	299548	
64051.79	64216.28	45983.00	64358.35	298649	
64051.67	64216.23	45983.01	64358.32	299819	
64051.78	64216.14	45983.07	64358.18	298787	
64051.74	64216.19	45982.96	64358.59	299504	
64051.44	64216.05	45982.93	64358.29	299500	
64051.66	64216.02	45982.89	64358.31	298547	
64051.94	64216.25	45982.98	64358.44	298357	
64051.87	64216.11	45982.96	64358.57	301565	
64051.78	64215.96	45983.02	64358.33	298686	
64051.58	64216.05	45982.95	64358.14	301192	
64051.39	64216.12	45983.04	64358.24	299000	
64051.71	64216.20	45983.10	64358.33	300375	
64051.80	64216.08	45983.12	64358.26	300010	
64051.80	64216.17	45983.10	64358.47	300563	
64052.08	64216.30	45983.16	64358.30	299930	
64051.73	64216.05	45982.89	64358.01	299965	
64051.87	64216.20	45983.08	64358.18	298904	
64051.91	64216.30	45983.01	64358.35	301081	
64051.89	64216.15	45983.18	64358.27	297595	
64051.84	64216.08	45983.13	64358.17	300472	
64051.94	64216.10	45983.06	64358.22	299974	
64051.99	64216.28	45983.06	64358.35	297622	
64051.92	64216.27	45983.15	64358.35	298257	
64051.77	64216.19	45983.03	64358.08	300713	
64051.73	64216.00	45983.06	64358.19	298829	
64051.76	64216.04	45983.06	64358.07	300130	
64051.64	64215.89	45983.08	64357.87	298232	
64051.64	64215.85	45983.16	64357.94	300657	
64051.55	64216.00	45983.07	64357.77	299941	
64051.85	64216.01	45983.00	64357.92	300678	
64051.89	64216.41	45983.07	64358.10	300175	
64051.94	64216.16	45982.89	64358.06	300473	
64051.89	64216.36	45983.00	64358.11	299313	
64051.80	64216.11	45983.03	64358.28	300031	
64051.86	64216.17	45983.12	64358.34	299093	
64051.69	64216.10	45983.02	64358.21	300182	
64051.72	64216.04	45983.06	64358.18	300205	
64051.66	64216.01	45983.04	64358.02	297646	
64051.77	64216.04	45983.03	64358.25	300576	
64051.91	64216.25	45983.03	64358.33	300544	
64051.67	64216.32	45983.04	64358.42	299037	
64051.89	64216.16	45983.10	64358.23	298023	
64051.65	64216.07	45983.01	64358.24	299950	
64051.56	64216.05	45982.97	64358.13	297666	
64051.70	64216.13	45983.00	64358.02	300087	
64052.03	64216.32	45983.03	64358.30	297856	
64051.95	64216.30	45982.98	64358.37	300226	
64052.26	64216.56	45983.12	64358.83	298495	
64052.01	64216.44	45983.03	64358.61	299196	
64051.74	64216.12	45982.91	64358.23	298355	
64051.57	64216.00	45982.95	64358.24	300775	
64051.54	64216.00	45982.92	64358.13	300234	
64051.54	64215.89	45983.06	64358.12	299862	
64051.88	64216.14	45983.12	64358.22	300559	
64051.90	64216.28	45983.08	64358.39	299469	
64052.01	64216.15	45982.99	64358.34	299611	
64051.87	64216.16	45983.10	64358.40	298666	
64051.76	64215.83	45983.03	64358.03	300400	
64051.69	64215.65	45983.01	64358.15	298897	
64051.98	64216.06	45982.96	64358.37	300447	
64051.95	64216.04	45982.97	64358.35	298644	
64051.80	64216.10	45982.84	64358.37	299681	
64052.01	64216.04	45982.94	64358.48	300336	
64052.15	64216.15	45982.99	64358.36	299626	
64052.25	64216.21	45982.95	64358.71	300925	
64052.38	64216.37	45982.90	64358.63	298648	
64052.55	64216.87	45982.76	64359.12	301424	
64051.88	64215.99	45982.89	64358.35	298990	
64051.92	64216.08	45982.83	64358.47	299541	
64052.05	64216.17	45982.96	64358.42	299893	
64051.95	64216.31	45982.94	64358.48	299697	
64051.64	64215.95	45982.92	64358.15	300460	
64051.84	64216.02	45983.07	64358.14	300501	
64052.14	64216.44	45983.07	64358.41	299867	
64051.91	64216.16	45983.08	64358.16	299836	
64051.69	64215.91	45982.95	64358.04	299259	
64051.63	64215.88	45982.92	64358.02	298343	
64051.94	64216.03	45982.98	64358.06	298598	
64051.83	64216.14	45982.98	64358.13	300490	
64052.12	64216.46	45982.93	64358.25	299185	
64052.21	64216.56	45982.89	64358.50	298636	
64052.00	64216.28	45983.01	64358.20	299588	
64051.77	64215.98	45983.07	64358.03	300101	
64051.95	64216.07	45983.04	64358.21	299570	
64051.91	64216.22	45983.00	64358.20	301077	
64051.94	64216.19	45983.06	64358.21	297595	
64051.96	64216.09	45983.03	64358.20	300587	
64051.93	64216.03	45983.04	64358.03	298840	
64052.03	64216.24	45983.10	64358.35	300466	
64052.33	64216.27	45983.10	64358.35	297351	
64052.07	64216.26	45983.05	64358.33	299632	
64051.90	64216.26	45983.08	64358.29	310422	
64052.07	64216.34	45983.09	64358.39	299487	
64051.99	64216.35	45983.10	64358.43	298795	
64052.10	64216.46	45982.95	64358.44	297716	
64052.08	64216.40	45983.10	64358.45	301171	
64052.22	64216.39	45983.01	64358.40	299119	
64052.40	64216.57	45983.06	64358.62	298354	
64052.61	64216.78	45983.08	64358.78	300658	
64052.55	64216.74	45983.06	64358.85	299138	
64052.29	64216.48	45983.10	64358.51	298984	
64051.95	64216.12	45983.06	64358.15	299837	
64052.01	64216.12	45983.10	64358.17	300303	
64052.12	64216.31	45982.98	64358.40	300104	
64052.25	64216.16	45983.00	64358.24	300177	
64052.20	64216.26	45983.03	64358.17	300947	
64052.12	64216.10	45983.04	64358.07	298278	
64052.26	64216.33	45982.98	64358.25	298714	
64052.44	64216.46	45983.03	64358.45	297615	
64051.90	64215.91	45982.98	64358.02	300104	
64051.87	64215.98	45983.03	64358.03	298305	
64052.20	64216.17	45983.05	64358.19	300849	
64052.13	64216.03	45983.10	64358.07	298988	
64052.32	64216.25	45983.00	64358.30	300533	
64052.50	64216.39	45983.05	64358.65	300753	
64052.50	64216.49	45982.98	64358.78	297648	
64052.25	64216.15	45983.03	64358.40	299929	
64051.98	64215.91	45982.99	64358.14	298652	
64052.14	64215.87	45982.89	64358.09	300902	
64052.08	64216.04	45982.86	64358.27	300087	
64052.31	64216.12	45982.95	64358.61	298539	
64052.22	64216.21	45982.93	64358.47	299662	
64052.33	64216.33	45982.94	64358.75	298316	
64052.37	64216.37	45982.96	64358.64	299375	
64052.28	64216.16	45983.07	64358.41	300935	
64052.15	64215.92	45983.03	64358.28	301344	
64052.10	64215.96	45982.98	64358.32	297740	
64052.09	64216.01	45983.00	64358.34	300650	
64052.03	64216.03	45983.02	64358.28	299834	
64051.82	64216.09	45983.04	64358.23	299165	
64051.92	64215.96	45982.94	64358.19	298487	
64051.94	64215.97	45983.05	64358.09	300567	
64052.07	64216.11	45982.96	64358.21	299676	
64052.11	64215.89	45982.99	64358.13	298508	
64052.01	64215.98	45982.92	64358.19	297826	
64052.27	64216.19	45982.97	64358.42	301129	
64052.15	64216.26	45983.02	64358.37	299365	
64052.51	64216.48	45983.01	64358.55	299309	
64052.58	64216.44	45983.08	64358.94	300569	
64052.42	64216.38	45983.00	64358.66	299482	
64052.47	64216.47	45983.04	64358.55	300243	
64052.60	64216.58	45982.92	64358.81	304281	
64052.64	64216.75	45983.07	64358.98	299777	
64052.52	64216.50	45982.91	64358.86	298820	
64052.47	64216.61	45982.92	64358.80	300373	
64052.65	64216.84	45982.98	64358.87	299911	
64052.51	64216.48	45982.97	64358.69	300054	
64052.77	64216.76	45983.02	64359.05	298229	
64052.46	64216.52	45982.95	64358.76	300451	
64052.62	64216.75	45983.05	64358.90	298434	
64051.72	64215.98	45983.01	64358.12	300057	
64052.12	64216.23	45983.06	64358.51	298597	
64052.08	64216.26	45982.95	64358.45	297878	
64051.96	64216.14	45983.00	64358.14	300511	
64051.73	64216.13	45982.97	64358.12	299674	
64052.03	64216.22	45983.02	64358.16	299408	
64052.13	64216.17	45982.99	64358.13	299910	
64052.30	64216.40	45982.99	64358.38	301736	
64052.25	64216.08	45983.01	64358.16	299076	
64052.28	64216.26	45982.93	64358.38	298309	
64052.44	64216.45	45983.01	64358.44	300232	
64052.28	64216.04	45982.87	64358.20	297834	
64052.13	64215.96	45983.01	64358.05	299787	
64052.70	64216.23	45982.96	64358.46	299410	
64052.95	64216.53	45982.97	64358.88	298389	
64052.90	64216.62	45982.91	64358.88	298995	
64053.27	64217.08	45982.96	64359.05	300687	
64052.81	64216.59	45982.86	64358.87	298066	
64053.11	64217.05	45982.87	64359.19	299742	
64052.86	64216.71	45982.98	64358.82	298119	
64052.41	64216.26	45982.79	64358.55	298954	
64053.13	64216.83	45982.91	64359.11	300876	
64052.44	64216.25	45982.85	64358.43	298783	
64052.63	64216.59	45982.74	64358.80	299545	
64052.17	64216.18	45982.92	64358.33	300235	
64052.24	64216.00	45982.81	64358.15	299102	
64052.58	64216.69	45982.91	64358.71	300772	
64052.28	64216.48	45982.92	64358.60	297834	
64052.84	64216.58	45982.91	64358.90	301382	
64053.05	64217.02	45982.91	64359.08	298881	
64052.55	64216.59	45982.92	64358.67	299478	
64052.03	64216.08	45982.98	64358.06	298563	
64052.48	64216.43	45982.92	64358.41	299007	
64052.29	64216.44	45982.93	64358.27	297711	
64052.20	64216.25	45982.89	64358.10	298776	
64052.08	64216.16	45982.93	64358.01	299290	
64052.42	64216.50	45982.97	64358.36	301307	
64052.48	64216.71	45982.95	64358.48	298811	
64052.30	64216.37	45982.87	64358.24	300439	
64052.30	64216.44	45982.88	64358.29	299210	
64052.28	64216.24	45982.91	64358.10	298542	
64052.41	64216.26	45982.98	64358.19	298697	
64052.28	64216.33	45982.99	64358.21	300901	
64052.21	64216.38	45982.99	64358.24	297877	
64052.29	64216.31	45983.08	64358.21	300837	
64052.28	64216.55	45982.98	64358.39	300003	
64052.09	64216.18	45983.04	64358.20	300443	
64052.29	64216.34	45982.98	64358.32	300260	
64052.22	64216.14	45983.04	64358.40	297383	
64052.33	64216.20	45982.89	64358.41	300534	
64052.25	64216.13	45983.06	64358.48	298829	
64052.31	64216.18	45982.99	64358.52	300472	
64052.28	64216.30	45982.88	64358.46	299014	
64052.53	64216.44	45983.00	64358.61	298995	
64052.63	64216.44	45982.98	64358.66	297278	
64052.65	64216.46	45982.94	64358.83	300514	
64052.15	64215.97	45982.95	64358.18	298811	
64052.31	64216.05	45982.98	64358.24	299964	
64052.25	64216.00	45983.04	64358.21	299122	
64052.42	64216.15	45983.11	64358.15	299173	
64052.37	64215.97	45982.96	64358.22	299916	
64052.34	64216.12	45982.97	64358.14	299447	
64052.43	64216.22	45982.97	64358.33	298801	
64052.52	64216.32	45982.98	64358.38	301922	
64052.44	64216.30	45983.06	64358.29	298957	
64052.82	64216.51	45983.03	64358.62	300503	
64052.30	64216.20	45983.02	64358.29	297968	
64052.08	64215.93	45983.07	64358.06	300102	
64052.33	64216.33	45983.08	64358.30	298589	
64052.31	64216.18	45983.03	64358.22	300798	
64052.37	64216.40	45982.94	64358.41	298088	
64052.60	64216.40	45982.98	64358.44	299535	
64052.60	64216.49	45983.02	64358.63	299283	
64052.66	64216.42	45982.88	64358.54	299181	
64052.67	64216.60	45982.89	64358.57	300993	
64052.48	64216.35	45982.93	64358.23	299274	
64052.56	64216.37	45983.06	64358.38	300590	
64052.35	64216.39	45983.00	64358.39	300426	
64052.60	64216.46	45982.94	64358.42	299976	
64053.00	64216.74	45982.97	64358.64	299139	
64052.64	64216.50	45982.96	64358.48	300643	
64052.46	64216.18	45982.89	64358.32	299310	
64052.44	64216.09	45982.87	64358.24	299049	
64052.58	64216.28	45982.99	64358.22	300139	
64052.60	64216.38	45983.06	64358.33	300616	
64052.49	64216.25	45982.99	64358.38	298072	
64052.73	64216.58	45982.90	64358.55	299956	
64052.67	64216.57	45982.94	64358.42	300126	
64052.58	64216.62	45982.98	64358.48	298834	
64052.34	64216.58	45983.04	64358.29	300801	
64052.41	64216.26	45982.94	64358.25	300823	
64052.22	64216.26	45983.06	64358.26	303509	
64052.42	64216.60	45982.94	64358.61	300709	
64052.28	64216.12	45983.03	64358.16	299867	
64052.32	64216.38	45982.94	64358.41	301256	
64053.19	64217.17	45982.99	64359.16	299694	
64052.61	64216.63	45983.05	64358.51	299213	
64052.14	64216.24	45982.93	64358.25	300543	
64052.41	64216.51	45982.99	64358.48	298800	
64052.07	64216.08	45982.97	64358.11	300632	
64052.36	64216.40	45982.81	64358.37	298239	
64051.85	64215.94	45982.96	64357.85	297681	
64052.23	64215.99	45982.98	64358.03	299990	
64053.04	64217.01	45983.00	64359.01	297815	
64052.37	64216.23	45982.98	64358.37	298924	
64052.53	64216.42	45983.03	64358.49	297726	
64052.30	64216.03	45982.97	64358.27	301287	
64052.21	64216.04	45983.01	64358.09	298767	
64052.30	64215.99	45982.91	64358.25	300784	
64052.45	64216.49	45983.05	64358.61	301524	
64052.52	64216.47	45982.98	64358.55	298486	
64052.89	64216.78	45983.01	64358.85	300610	
64052.42	64216.31	45983.01	64358.36	298682	
64052.24	64216.34	45982.98	64358.33	300087	
64051.98	64216.19	45983.08	64358.17	299159	
64052.08	64216.25	45983.07	64358.42	299803	
64052.33	64216.46	45983.02	64358.42	301018	
64052.91	64216.91	45983.08	64358.91	300467	
64052.26	64216.44	45983.03	64358.32	302031	
64052.61	64216.87	45982.96	64358.69	300183	
64052.08	64216.34	45982.98	64358.41	298641	
64052.50	64216.55	45983.01	64358.65	300774	
64052.22	64216.63	45983.07	64358.52	299620	
64053.19	64217.47	45983.10	64359.69	300973	
64052.54	64216.75	45983.09	64358.70	299107	
64052.00	64216.37	45983.07	64358.36	299675	
64052.57	64216.77	45983.10	64358.75	300385	
64052.25	64216.41	45983.07	64358.69	299617	
64052.64	64216.61	45982.99	64358.84	299308	
64051.89	64216.04	45982.98	64358.30	298847	
64051.98	64216.35	45983.08	64358.51	300386	
64051.73	64216.24	45983.16	64358.33	297815	
64051.84	64216.17	45983.10	64358.30	297856	
64051.98	64216.27	45983.03	64358.46	300638	
64051.99	64216.03	45983.01	64358.22	299348	
64051.82	64215.93	45983.00	64358.14	300675	
64051.92	64215.99	45983.01	64358.27	298836	
64052.21	64216.15	45983.00	64358.67	301221	
64052.12	64216.00	45982.96	64358.31	298534	
64051.93	64216.13	45982.97	64358.26	298580	
64052.42	64216.39	45982.98	64358.51	298576	
64052.81	64216.71	45982.97	64358.93	301168	
64052.18	64216.26	45983.02	64358.53	298816	
64052.14	64216.05	45982.98	64358.27	300164	
64051.92	64215.94	45982.99	64358.12	298897	
64051.88	64215.96	45983.02	64358.01	299418	
64052.03	64216.11	45982.95	64358.42	301304	
64051.96	64215.99	45982.95	64358.18	299093	
64051.97	64215.98	45982.86	64358.13	298139	
64051.97	64216.13	45982.94	64358.17	297447	
64052.25	64216.19	45982.99	64358.28	302338	
64052.58	64216.63	45982.85	64358.70	300725	
64052.60	64216.66	45982.98	64358.79	299423	
64052.23	64216.35	45982.95	64358.52	298684	
64052.31	64216.32	45983.01	64358.50	297508	
64052.08	64216.09	45982.98	64358.19	300566	
64052.29	64216.19	45982.98	64358.31	299034	
64052.37	64216.34	45982.95	64358.45	300955	
64052.41	64216.39	45982.99	64358.35	299165	
64052.16	64216.24	45982.85	64358.17	301377	
64052.12	64216.18	45982.89	64358.46	300906	
64052.61	64216.51	45983.01	64359.01	300053	
64052.41	64216.27	45983.00	64358.74	299777	
64052.21	64216.21	45982.96	64358.49	299129	
64052.22	64216.30	45982.92	64358.46	298209	
64052.55	64216.49	45983.07	64358.71	300624	
64052.15	64216.47	45982.90	64358.70	299661	
64052.21	64216.30	45982.95	64358.42	300793	
64052.32	64216.51	45982.98	64358.63	300844	
64052.26	64216.44	45982.94	64358.69	299897	
64051.90	64216.27	45983.02	64358.39	298833	
64052.27	64216.21	45982.98	64358.38	301550	
64051.94	64216.07	45982.93	64358.17	300612	
64052.08	64216.08	45983.00	64358.36	300591	
64052.25	64216.22	45982.92	64358.21	300267	
64052.35	64216.26	45982.91	64358.22	300190	
64052.21	64216.30	45982.85	64358.11	298065	
64052.22	64216.24	45982.94	64358.26	299677	
64052.38	64216.35	45983.05	64358.61	299775	
64052.29	64216.19	45982.94	64358.40	301902	
64051.71	64216.12	45982.98	64358.30	298762	
64051.72	64216.18	45983.02	64358.19	298828	
64051.68	64216.19	45982.94	64358.27	300531	
64051.66	64216.31	45982.98	64358.18	299429	
64051.69	64216.15	45982.97	64358.32	299018	
64051.65	64216.39	45983.02	64358.48	300367	
64052.13	64216.70	45982.94	64358.87	298432	
64051.51	64216.21	45982.87	64358.32	297983	
64051.72	64216.21	45982.92	64358.32	300473	
64051.78	64216.40	45983.01	64358.29	302276	
64052.11	64216.55	45983.06	64358.58	299059	
64052.00	64216.44	45982.98	64358.50	299985	
64051.46	64215.98	45983.05	64358.09	301690	
64051.63	64216.11	45982.87	64358.05	299323	
64051.74	64216.29	45982.95	64358.40	297933	
64051.62	64216.15	45982.91	64358.28	299306	
64051.58	64216.05	45982.83	64358.20	299049	
64051.64	64216.16	45982.91	64358.29	299591	
64051.87	64216.41	45982.85	64358.37	301198	
64051.65	64216.15	45982.99	64358.37	299394	
64051.66	64216.23	45982.92	64358.22	301134	
64051.87	64216.28	45982.94	64358.29	299391	
64051.69	64216.32	45982.85	64358.26	299953	
64051.97	64216.37	45982.89	64358.61	298855	
64051.81	64216.38	45982.99	64358.68	300976	
64051.79	64216.14	45982.93	64358.31	299102	
64051.68	64216.20	45982.92	64358.18	300262	
64051.31	64216.15	45982.98	64358.07	297662	
64051.57	64216.16	45983.00	64358.17	299486	
64051.58	64216.17	45983.00	64358.35	298029	
64051.69	64216.17	45982.92	64358.55	298936	
64051.59	64215.74	45983.01	64358.38	298279	
64051.50	64216.05	45982.89	64358.42	300669	
64052.03	64216.34	45983.08	64358.91	299418	
64052.07	64216.62	45982.91	64358.94	299796	
64051.62	64216.20	45982.97	64358.53	298931	
64051.77	64216.23	45982.94	64358.60	301007	
64052.17	64216.76	45982.98	64359.03	299001	
64052.07	64216.58	45983.00	64358.74	301348	
64051.96	64216.50	45983.00	64358.73	299984	
64051.60	64216.20	45982.98	64358.50	299962	
64051.65	64215.97	45982.90	64358.39	297659	
64051.67	64216.34	45982.96	64358.45	299269	
64051.50	64216.14	45982.91	64358.38	297766	
64051.37	64215.93	45983.04	64358.36	300861	
64051.44	64215.82	45983.02	64358.18	297554	
64051.61	64215.92	45982.97	64358.23	300435	
64051.63	64216.23	45982.93	64358.47	299630	
64051.71	64216.45	45982.94	64358.42	299253	
64052.10	64216.56	45982.95	64358.70	298704	
64052.06	64216.40	45982.94	64358.64	300742	
64051.92	64216.30	45982.89	64358.42	297602	
64051.63	64216.11	45982.90	64358.28	300563	
64051.69	64216.32	45982.98	64358.33	299145	
64051.83	64216.37	45982.93	64358.25	298617	
64052.22	64216.85	45983.08	64358.73	297825	
64052.01	64216.81	45983.08	64358.52	300594	
64052.13	64216.61	45983.05	64358.55	303110	
64052.28	64216.76	45983.03	64358.64	300073	
64051.80	64216.17	45982.93	64358.14	300413	
64051.62	64216.14	45982.90	64358.00	299098	
64051.96	64216.30	45982.85	64358.25	298232	
64052.15	64216.37	45982.86	64358.41	300075	
64051.90	64216.37	45982.91	64358.43	299827	
64052.44	64216.54	45983.00	64358.69	298828	
64052.51	64216.93	45982.98	64358.81	298223	
64052.12	64216.31	45982.92	64358.39	300976	
64051.57	64215.85	45982.95	64357.91	299866	
64051.62	64216.01	45983.01	64358.05	299074	
64052.30	64216.01	45983.01	64358.10	298973	
64052.23	64216.05	45982.90	64358.16	300459	
64052.69	64216.29	45982.89	64358.49	299327	
64052.62	64216.34	45983.03	64358.47	300068	
64053.04	64216.70	45982.93	64358.83	299407	
64052.71	64216.48	45982.96	64358.45	300226	
64052.88	64216.72	45983.01	64358.72	298529	
64052.68	64216.49	45982.81	64358.52	300743	
64052.46	64216.30	45982.79	64358.26	299291	
64052.54	64216.56	45982.84	64358.62	300168	
64052.25	64216.22	45982.93	64358.19	298786	
64052.45	64216.34	45983.02	64358.43	298316	
64052.52	64216.61	45982.94	64358.65	299057	
64052.11	64216.17	45983.07	64358.09	300548	
64052.43	64216.44	45983.02	64358.37	299828	
64052.22	64216.39	45982.99	64358.27	298960	
64052.21	64216.04	45983.03	64358.18	298876	
64052.21	64216.07	45982.97	64358.41	300097	
64052.44	64216.21	45982.93	64358.57	300060	
64052.50	64216.38	45982.87	64358.59	299713	
64052.49	64216.63	45982.99	64358.79	298225	
64052.71	64216.65	45982.97	64358.90	300180	
64052.08	64215.93	45983.00	64358.27	301135	
64052.08	64216.17	45982.98	64358.33	300219	
64052.53	64216.44	45982.88	64358.78	299677	
64052.68	64216.74	45983.00	64358.90	298814	
64052.69	64216.23	45982.83	64358.51	300242	
64052.67	64216.41	45982.89	64358.68	300751	
64052.37	64216.43	45982.89	64358.85	299565	
64052.25	64216.17	45982.87	64358.42	299897	
64052.28	64216.39	45982.84	64358.77	298486	
64052.17	64216.16	45982.83	64358.57	301335	
64052.40	64216.11	45982.82	64358.51	298842	
64052.76	64216.53	45982.85	64358.80	301311	
64052.89	64216.60	45982.98	64358.97	298670	
64053.11	64216.83	45982.98	64359.14	297321	
64053.00	64216.62	45982.82	64359.14	300521	
64052.75	64216.38	45982.94	64358.80	299542	
64052.51	64216.34	45982.91	64358.59	300276	
64052.76	64216.40	45982.87	64358.56	299943	
64052.55	64216.36	45982.82	64358.67	297951	
64053.12	64216.96	45982.95	64359.28	299816	
64053.35	64217.15	45982.84	64359.37	298350	
64052.34	64215.90	45982.88	64358.31	300040	
64052.32	64215.94	45982.95	64358.47	298489	
64052.60	64216.07	45982.91	64358.46	299728	
64052.83	64216.58	45982.93	64358.67	298231	
64052.87	64216.53	45982.87	64359.09	300143	
64052.79	64216.53	45982.82	64358.92	299447	
64052.68	64216.37	45982.83	64358.89	300589	
64052.50	64216.28	45982.90	64358.84	298765	
64052.64	64216.28	45982.95	64358.85	300695	
64052.64	64216.42	45982.85	64358.78	299217	
64052.83	64216.67	45982.90	64359.07	300290	
64052.78	64216.35	45982.89	64358.81	297830	
64052.44	64216.19	45982.87	64358.35	301180	
64052.45	64216.36	45982.88	64358.56	300891	
64052.40	64216.30	45982.90	64358.62	298352	
64053.48	64217.46	45982.85	64359.62	299914	
64053.11	64217.13	45982.94	64359.43	297076	
64052.90	64216.56	45982.91	64359.14	300116	
64052.90	64216.47	45982.85	64359.01	301317	
64052.93	64216.57	45982.94	64358.97	299934	
64053.03	64216.55	45983.07	64359.19	300399	
64052.85	64216.51	45982.93	64359.07	298805	
64052.86	64216.30	45983.01	64358.98	301240	
64052.42	64215.91	45982.94	64358.46	298633	
64052.75	64216.42	45982.92	64358.95	297522	
64052.58	64216.10	45982.88	64358.62	300222	
64052.35	64216.07	45982.97	64358.36	301232	
64052.30	64216.04	45982.79	64358.36	299689	
64052.41	64216.05	45982.93	64358.43	298980	
64052.60	64216.09	45982.91	64358.59	298480	
64052.28	64215.98	45982.85	64358.65	299918	
64052.59	64216.38	45982.78	64358.67	298675	
64052.48	64216.21	45982.97	64358.54	300067	
64052.92	64216.54	45982.90	64359.03	301028	
64053.00	64216.56	45982.85	64359.15	299598	
64052.49	64216.14	45982.87	64358.70	297927	
64052.58	64216.20	45982.80	64358.53	299572	
64052.43	64216.29	45982.88	64358.53	299824	
64053.39	64217.02	45982.87	64359.21	299862	
64052.79	64216.38	45982.95	64358.73	298598	
64052.75	64216.16	45982.83	64358.61	299579	
64052.92	64216.26	45982.83	64358.76	298807	
64053.31	64216.64	45982.82	64359.19	299630	
64052.51	64215.94	45982.82	64358.44	300240	
64052.44	64216.15	45982.95	64358.60	300703	
64052.46	64216.10	45982.86	64358.63	299603	
64052.60	64216.29	45982.87	64358.70	298922	
64053.03	64216.77	45982.86	64359.21	297204	
64052.85	64216.51	45982.89	64358.80	299565	
64052.91	64216.69	45982.96	64359.13	298954	
64052.94	64216.41	45982.85	64358.72	301998	
64052.85	64216.62	45982.95	64358.97	298427	
64053.01	64216.60	45982.89	64358.97	301878	
64053.48	64217.09	45982.91	64359.66	297743	
64053.25	64216.94	45982.83	64359.18	299314	
64053.64	64217.50	45982.78	64359.51	297784	
64053.69	64217.30	45982.87	64359.48	300536	
64053.08	64216.94	45982.98	64358.92	298544	
64053.12	64217.07	45982.92	64358.92	298390	
64052.85	64216.86	45982.90	64358.89	299317	
64052.16	64215.84	45982.88	64358.21	299704	
64052.12	64215.92	45982.99	64358.05	298905	
64052.43	64216.34	45982.99	64358.30	299740	
64052.60	64216.42	45982.98	64358.51	300015	
64052.32	64216.24	45982.95	64358.48	301033	
64053.82	64217.73	45982.93	64359.79	299829	
64052.83	64216.71	45982.94	64358.85	299773	
64051.76	64215.85	45982.86	64358.09	300687	
64051.74	64215.72	45982.91	64357.86	300449	
64052.76	64216.49	45982.96	64358.75	298561	
64053.30	64217.08	45982.88	64359.28	300638	
