#UPS-spectrum

#Date/time: 	2018-03-26__18-49-40


#AK pressure: 	8,71E-9 	mbar
#Pass energy: 	15.0 	eV
#Volt. bias: 	-15.0 	V
#Volt. lens: 	-15.0 	V
#Step width: 	20.0 	meV
#Counttime: 	200.0 	ms
#Vor: 	16.0 	V
#Nach: 	5.0 	V
#slope: 	0.613 	V/s
#offset: 	-48.850 	V


#Slope: 	72.7 	mV/s
#Counttime: 	200.0 	ms




#E_k 	 cps 	 Ana 	 Hemi 	 Hemo 	 EP 	 Mt + 	 + meas


21,078	000211	-21,188	-20,225	-21,865	14,890	211	05
21,034	000211	-21,169	-20,209	-21,847	14,865	211	05
21,015	000236	-21,150	-20,191	-21,828	14,865	236	05
20,997	000213	-21,131	-20,172	-21,810	14,866	213	05
20,974	000237	-21,113	-20,154	-21,791	14,861	237	05
20,955	000213	-21,088	-20,128	-21,766	14,867	213	05
20,927	000244	-21,070	-20,111	-21,747	14,858	244	05
20,907	000219	-21,051	-20,092	-21,729	14,856	219	05
20,815	000246	-21,033	-20,074	-21,702	14,783	246	05
20,874	000233	-21,014	-20,055	-21,692	14,860	233	05
20,866	000213	-20,996	-20,036	-21,674	14,870	213	05
20,832	000244	-20,971	-20,012	-21,649	14,861	244	05
20,818	000250	-20,953	-19,993	-21,631	14,865	250	05
20,793	000237	-20,934	-19,974	-21,612	14,859	237	05
20,782	000252	-20,916	-19,956	-21,593	14,866	252	05
20,763	000240	-20,896	-19,937	-21,575	14,867	240	05
20,668	000247	-20,878	-19,918	-21,548	14,790	247	05
20,726	000206	-20,854	-19,893	-21,532	14,872	206	05
20,703	000233	-20,835	-19,875	-21,513	14,868	233	05
20,691	000213	-20,817	-19,856	-21,495	14,874	213	05
20,666	000244	-20,798	-19,838	-21,476	14,868	244	05
20,650	000251	-20,780	-19,819	-21,458	14,870	251	05
20,634	000214	-20,761	-19,800	-21,439	14,873	214	05
20,608	000246	-20,736	-19,776	-21,414	14,872	246	05
20,636	000243	-20,718	-19,752	-21,395	14,918	243	05
20,570	000221	-20,700	-19,739	-21,377	14,870	221	05
20,548	000213	-20,681	-19,720	-21,358	14,867	213	05
20,542	000209	-20,663	-19,701	-21,340	14,880	209	05
20,511	000212	-20,644	-19,683	-21,321	14,868	212	05
20,493	000214	-20,619	-19,657	-21,296	14,874	214	05
20,474	000213	-20,600	-19,639	-21,278	14,874	213	05
20,453	000207	-20,581	-19,621	-21,259	14,872	207	05
20,438	000210	-20,563	-19,601	-21,240	14,876	210	05
20,471	000213	-20,544	-19,577	-21,222	14,927	213	05
20,404	000212	-20,525	-19,564	-21,203	14,878	212	05
20,376	000211	-20,500	-19,539	-21,178	14,875	211	05
20,357	000212	-20,482	-19,520	-21,159	14,876	212	05
20,339	000222	-20,463	-19,501	-21,140	14,876	222	05
20,322	000212	-20,444	-19,483	-21,122	14,878	212	05
20,304	000209	-20,426	-19,464	-21,103	14,878	209	05
20,282	000206	-20,407	-19,445	-21,084	14,876	206	05
20,267	000206	-20,388	-19,426	-21,065	14,879	206	05
20,295	000205	-20,363	-19,395	-21,040	14,932	205	05
20,226	000208	-20,345	-19,382	-21,022	14,881	208	05
20,212	000212	-20,325	-19,363	-21,004	14,887	212	05
20,186	000212	-20,307	-19,344	-20,984	14,879	212	05
20,175	000213	-20,287	-19,326	-20,966	14,888	213	05
20,148	000212	-20,270	-19,307	-20,947	14,878	212	05
20,135	000212	-20,245	-19,282	-20,923	14,890	212	05
20,106	000213	-20,227	-19,264	-20,903	14,879	213	05
20,099	000207	-20,207	-19,245	-20,886	14,893	207	05
20,129	000215	-20,188	-19,221	-20,867	14,940	215	05
20,053	000215	-20,170	-19,208	-20,847	14,882	215	05
20,038	000205	-20,152	-19,189	-20,829	14,886	205	05
20,015	000219	-20,127	-19,164	-20,804	14,889	219	05
19,997	000221	-20,108	-19,145	-20,786	14,889	221	05
19,977	000216	-20,089	-19,127	-20,767	14,888	216	05
19,959	000211	-20,071	-19,109	-20,749	14,888	211	05
19,942	000212	-20,053	-19,090	-20,731	14,889	212	05
19,978	000213	-20,034	-19,066	-20,712	14,944	213	05
19,903	000225	-20,010	-19,047	-20,688	14,894	225	05
19,886	000220	-19,991	-19,028	-20,669	14,895	220	05
19,868	000225	-19,973	-19,010	-20,651	14,895	225	05
19,848	000217	-19,954	-18,991	-20,632	14,894	217	05
19,831	000229	-19,935	-18,972	-20,613	14,896	229	05
19,815	000217	-19,917	-18,954	-20,595	14,898	217	05
19,788	000217	-19,892	-18,929	-20,570	14,896	217	05
19,773	000213	-19,873	-18,910	-20,552	14,900	213	05
19,804	000214	-19,854	-18,886	-20,533	14,949	214	05
19,734	000205	-19,836	-18,873	-20,514	14,898	205	04
19,715	000243	-19,818	-18,854	-20,496	14,897	243	05
19,700	000217	-19,799	-18,835	-20,477	14,901	217	05
19,676	000248	-19,780	-18,817	-20,458	14,896	248	05
19,658	000222	-19,755	-18,792	-20,434	14,903	222	05
19,637	000223	-19,737	-18,773	-20,415	14,900	223	05
19,624	000216	-19,718	-18,754	-20,396	14,906	216	05
19,527	000244	-19,699	-18,735	-20,369	14,828	244	05
19,584	000241	-19,681	-18,717	-20,359	14,903	241	05
19,565	000221	-19,662	-18,698	-20,340	14,903	221	05
19,541	000223	-19,637	-18,673	-20,315	14,904	223	05
19,520	000223	-19,619	-18,655	-20,297	14,901	223	05
19,506	000225	-19,600	-18,636	-20,279	14,906	225	05
19,484	000225	-19,582	-18,618	-20,260	14,903	225	05
19,470	000216	-19,563	-18,599	-20,241	14,907	216	05
19,355	000205	-19,544	-18,580	-20,212	14,811	205	04
19,426	000234	-19,520	-18,556	-20,198	14,906	234	05
19,407	000213	-19,501	-18,537	-20,179	14,906	213	05
19,392	000212	-19,483	-18,519	-20,161	14,909	212	05
19,371	000215	-19,464	-18,500	-20,142	14,907	215	05
19,358	000225	-19,446	-18,481	-20,124	14,912	225	05
19,337	000213	-19,427	-18,463	-20,105	14,910	213	05
19,311	000215	-19,402	-18,438	-20,081	14,909	215	05
19,291	000215	-19,384	-18,419	-20,062	14,907	215	05
19,330	000210	-19,365	-18,395	-20,044	14,965	210	05
19,254	000206	-19,346	-18,382	-20,024	14,908	206	05
19,243	000210	-19,328	-18,363	-20,006	14,915	210	05
19,217	000214	-19,310	-18,345	-19,987	14,907	214	05
19,205	000215	-19,285	-18,319	-19,963	14,921	215	05
19,171	000206	-19,266	-18,301	-19,944	14,905	206	05
19,156	000206	-19,247	-18,282	-19,925	14,909	206	05
19,149	000214	-19,229	-18,263	-19,907	14,920	214	05
19,168	000207	-19,210	-18,240	-19,888	14,958	207	05
19,112	000205	-19,191	-18,225	-19,869	14,921	205	05
19,088	000215	-19,166	-18,200	-19,844	14,922	215	05
19,069	000211	-19,147	-18,182	-19,826	14,922	211	05
19,054	000212	-19,129	-18,162	-19,807	14,926	212	05
19,021	000214	-19,109	-18,145	-19,788	14,912	214	05
19,016	000207	-19,091	-18,125	-19,769	14,925	207	05
18,997	000215	-19,072	-18,106	-19,751	14,925	215	05
18,976	000217	-19,054	-18,088	-19,732	14,922	217	05
18,986	000206	-19,028	-18,058	-19,706	14,958	206	05
18,927	000210	-19,010	-18,045	-19,688	14,917	210	05
18,906	000212	-18,991	-18,026	-19,669	14,915	212	05
18,899	000214	-18,973	-18,006	-19,651	14,926	214	05
18,873	000211	-18,954	-17,989	-19,632	14,919	211	05
18,857	000226	-18,935	-17,969	-19,613	14,922	226	05
18,836	000225	-18,910	-17,944	-19,588	14,926	225	05
18,815	000225	-18,892	-17,925	-19,570	14,924	225	05
18,724	000223	-18,874	-17,907	-19,543	14,851	223	05
18,781	000226	-18,855	-17,889	-19,533	14,927	226	05
18,766	000224	-18,836	-17,870	-19,515	14,929	224	05
18,744	000224	-18,818	-17,851	-19,496	14,926	224	05
18,723	000216	-18,793	-17,827	-19,472	14,930	216	05
18,705	000235	-18,775	-17,808	-19,453	14,930	235	05
18,683	000221	-18,756	-17,790	-19,435	14,927	221	05
18,666	000230	-18,738	-17,771	-19,416	14,927	230	05
18,695	000243	-18,719	-17,747	-19,397	14,976	243	05
18,632	000230	-18,701	-17,734	-19,379	14,932	230	05
18,608	000204	-18,677	-17,710	-19,355	14,931	204	04
18,592	000224	-18,658	-17,691	-19,337	14,934	224	05
18,570	000239	-18,640	-17,673	-19,318	14,930	239	05
18,550	000213	-18,621	-17,654	-19,299	14,928	213	05
18,535	000228	-18,603	-17,636	-19,281	14,933	228	05
18,517	000250	-18,584	-17,617	-19,262	14,932	250	05
18,418	000252	-18,560	-17,592	-19,229	14,859	252	05
18,472	000213	-18,541	-17,574	-19,219	14,931	213	05
18,454	000216	-18,523	-17,556	-19,201	14,931	216	05
18,442	000237	-18,505	-17,537	-19,183	14,938	237	05
18,421	000204	-18,486	-17,519	-19,164	14,935	204	04
18,404	000206	-18,468	-17,500	-19,146	14,936	206	04
18,381	000241	-18,443	-17,475	-19,121	14,938	241	05
18,344	000239	-18,424	-17,459	-19,103	14,920	239	05
18,371	000242	-18,406	-17,436	-19,084	14,965	242	05
18,305	000238	-18,388	-17,423	-19,066	14,917	238	05
18,284	000235	-18,370	-17,404	-19,047	14,915	235	05
18,269	000212	-18,350	-17,385	-19,028	14,919	212	05
18,259	000213	-18,332	-17,366	-19,011	14,927	213	05
18,230	000214	-18,307	-17,342	-18,986	14,922	214	05
18,212	000209	-18,289	-17,324	-18,968	14,922	209	05
18,193	000209	-18,271	-17,305	-18,949	14,922	209	05
18,175	000208	-18,252	-17,287	-18,931	14,923	208	05
18,206	000207	-18,233	-17,262	-18,912	14,973	207	05
18,137	000208	-18,216	-17,250	-18,894	14,921	208	05
18,115	000212	-18,191	-17,225	-18,869	14,924	212	05
18,095	000216	-18,172	-17,206	-18,851	14,923	216	05
18,079	000215	-18,153	-17,187	-18,832	14,926	215	05
18,064	000206	-18,134	-17,168	-18,813	14,930	206	05
18,042	000206	-18,116	-17,150	-18,794	14,926	206	05
18,028	000211	-18,098	-17,132	-18,777	14,929	211	05
18,004	000207	-18,073	-17,106	-18,751	14,931	207	05
18,032	000214	-18,053	-17,082	-18,733	14,979	214	05
17,962	000207	-18,036	-17,069	-18,714	14,926	207	05
17,943	000216	-18,017	-17,050	-18,695	14,926	216	05
17,928	000213	-17,998	-17,032	-18,676	14,930	213	05
17,912	000209	-17,979	-17,012	-18,657	14,933	209	05
17,886	000214	-17,954	-16,987	-18,632	14,932	214	05
17,866	000206	-17,935	-16,969	-18,614	14,931	206	05
17,852	000216	-17,916	-16,949	-18,595	14,936	216	05
17,881	000214	-17,898	-16,926	-18,576	14,983	214	05
17,815	000215	-17,879	-16,912	-18,558	14,936	215	05
17,797	000205	-17,861	-16,894	-18,539	14,936	205	05
17,767	000214	-17,837	-16,870	-18,515	14,930	214	05
17,756	000212	-17,819	-16,851	-18,497	14,937	212	05
17,736	000209	-17,800	-16,833	-18,478	14,936	209	05
17,718	000211	-17,781	-16,814	-18,460	14,937	211	05
17,696	000213	-17,763	-16,796	-18,441	14,933	213	05
17,682	000215	-17,744	-16,777	-18,422	14,939	215	05
17,699	000208	-17,720	-16,747	-18,398	14,979	208	05
17,637	000224	-17,701	-16,734	-18,379	14,935	224	05
17,624	000215	-17,682	-16,715	-18,361	14,942	215	05
17,606	000210	-17,664	-16,696	-18,342	14,942	210	05
17,586	000224	-17,646	-16,678	-18,324	14,940	224	05
17,568	000233	-17,627	-16,659	-18,306	14,941	233	05
17,551	000223	-17,609	-16,640	-18,287	14,943	223	05
17,528	000216	-17,584	-16,616	-18,262	14,944	216	05
17,564	000205	-17,565	-16,591	-18,243	14,999	205	04
17,491	000243	-17,547	-16,578	-18,225	14,945	243	05
17,476	000218	-17,528	-16,559	-18,206	14,948	218	05
17,455	000224	-17,509	-16,541	-18,187	14,946	224	05
17,433	000224	-17,490	-16,522	-18,168	14,943	224	05
17,411	000224	-17,467	-16,497	-18,143	14,944	224	05
17,394	000251	-17,449	-16,479	-18,125	14,946	251	05
17,374	000225	-17,430	-16,460	-18,106	14,944	225	05
17,286	000244	-17,412	-16,441	-18,080	14,875	244	05
17,338	000234	-17,393	-16,422	-18,069	14,945	234	05
17,321	000207	-17,374	-16,403	-18,050	14,947	207	05
17,295	000214	-17,349	-16,378	-18,025	14,946	214	05
17,277	000217	-17,330	-16,359	-18,006	14,947	217	05
17,259	000226	-17,311	-16,340	-17,987	14,948	226	05
17,245	000208	-17,293	-16,322	-17,969	14,953	208	04
17,222	000227	-17,274	-16,304	-17,950	14,948	227	05
17,253	000247	-17,256	-16,280	-17,932	14,997	247	05
17,180	000222	-17,231	-16,260	-17,907	14,949	222	05
17,161	000215	-17,212	-16,241	-17,888	14,949	215	05
17,148	000225	-17,194	-16,222	-17,870	14,955	225	05
17,130	000206	-17,175	-16,204	-17,851	14,955	206	05
17,109	000214	-17,156	-16,185	-17,833	14,953	214	05
17,090	000214	-17,137	-16,166	-17,813	14,953	214	05
17,068	000211	-17,113	-16,141	-17,789	14,956	211	05
17,049	000206	-17,094	-16,123	-17,771	14,955	206	05
17,078	000208	-17,076	-16,099	-17,752	15,002	208	05
17,013	000214	-17,057	-16,086	-17,734	14,955	214	05
16,999	000213	-17,038	-16,067	-17,715	14,961	213	05
16,974	000211	-17,020	-16,048	-17,696	14,955	211	05
16,959	000207	-16,995	-16,023	-17,672	14,964	207	05
16,941	000214	-16,976	-16,004	-17,653	14,964	214	05
16,920	000213	-16,957	-15,985	-17,634	14,962	213	05
16,897	000210	-16,938	-15,967	-17,615	14,958	210	05
16,916	000207	-16,920	-15,943	-17,596	14,997	207	05
16,870	000208	-16,901	-15,929	-17,578	14,969	208	05
16,838	000213	-16,882	-15,911	-17,559	14,956	213	05
16,825	000214	-16,858	-15,885	-17,534	14,967	214	05
16,798	000210	-16,839	-15,867	-17,515	14,959	210	05
16,790	000214	-16,820	-15,848	-17,497	14,969	214	05
16,768	000211	-16,802	-15,830	-17,479	14,966	211	05
16,761	000208	-16,783	-15,811	-17,462	14,978	208	05
16,754	000209	-16,764	-15,792	-17,443	14,989	209	05
16,772	000214	-16,739	-15,762	-17,418	15,032	214	05
16,697	000206	-16,721	-15,749	-17,399	14,976	206	05
16,694	000210	-16,703	-15,729	-17,381	14,991	210	05
16,665	000210	-16,684	-15,712	-17,362	14,982	210	05
16,655	000212	-16,665	-15,692	-17,344	14,990	212	05
16,640	000214	-16,647	-15,674	-17,325	14,993	214	05
16,616	000214	-16,622	-15,649	-17,301	14,994	214	05
16,597	000214	-16,604	-15,630	-17,282	14,994	214	05
16,566	000219	-16,585	-15,613	-17,263	14,981	219	05
16,590	000224	-16,566	-15,589	-17,244	15,024	224	05
16,540	000220	-16,548	-15,575	-17,226	14,992	220	05
16,523	000227	-16,529	-15,556	-17,208	14,994	227	05
16,500	000216	-16,505	-15,532	-17,184	14,995	216	05
16,469	000224	-16,486	-15,514	-17,164	14,983	224	05
16,463	000221	-16,468	-15,494	-17,146	14,995	221	05
16,434	000206	-16,449	-15,476	-17,127	14,985	206	05
16,464	000236	-16,430	-15,452	-17,109	15,034	236	05
16,403	000208	-16,412	-15,439	-17,090	14,991	208	04
16,376	000234	-16,387	-15,414	-17,066	14,989	234	05
16,362	000205	-16,369	-15,395	-17,047	14,993	205	04
16,344	000232	-16,350	-15,377	-17,029	14,994	232	05
16,328	000237	-16,332	-15,358	-17,010	14,996	237	05
16,306	000240	-16,313	-15,340	-16,992	14,993	240	05
16,293	000237	-16,295	-15,321	-16,973	14,999	237	05
16,309	000246	-16,269	-15,291	-16,948	15,040	246	05
16,252	000213	-16,251	-15,277	-16,930	15,001	213	05
16,231	000244	-16,232	-15,259	-16,911	14,999	244	05
16,212	000244	-16,214	-15,240	-16,892	14,998	244	05
16,192	000253	-16,195	-15,221	-16,873	14,997	253	05
16,175	000249	-16,176	-15,202	-16,855	14,999	249	05
16,158	000253	-16,157	-15,183	-16,836	15,000	253	05
16,129	000244	-16,132	-15,158	-16,811	14,996	244	05
16,161	000244	-16,114	-15,135	-16,793	15,047	244	05
16,096	000246	-16,095	-15,121	-16,774	15,001	246	05
16,081	000214	-16,077	-15,103	-16,756	15,004	214	05
16,062	000215	-16,059	-15,084	-16,737	15,003	215	05
16,041	000215	-16,040	-15,066	-16,719	15,001	215	05
16,014	000210	-16,015	-15,042	-16,694	14,999	210	05
15,997	000211	-15,997	-15,023	-16,675	15,000	211	05
15,980	000209	-15,978	-15,004	-16,657	15,001	209	05
16,002	000207	-15,959	-14,981	-16,638	15,042	207	05
15,951	000210	-15,942	-14,966	-16,620	15,009	210	05
15,933	000215	-15,923	-14,948	-16,602	15,010	215	05
15,910	000213	-15,898	-14,923	-16,577	15,011	213	05
15,889	000213	-15,880	-14,904	-16,558	15,009	213	05
15,873	000210	-15,861	-14,886	-16,540	15,012	210	05
15,856	000206	-15,843	-14,867	-16,522	15,013	206	05
15,828	000208	-15,823	-14,849	-16,502	15,005	208	05
15,857	000212	-15,805	-14,825	-16,484	15,052	212	05
15,788	000212	-15,780	-14,805	-16,459	15,008	212	05
15,770	000212	-15,761	-14,786	-16,440	15,008	212	05
15,760	000206	-15,743	-14,767	-16,422	15,017	206	05
15,732	000206	-15,724	-14,749	-16,403	15,007	206	05
15,720	000217	-15,706	-14,730	-16,385	15,014	217	05
15,695	000212	-15,687	-14,713	-16,366	15,007	212	05
15,674	000207	-15,663	-14,687	-16,341	15,011	207	05
15,658	000215	-15,644	-14,669	-16,323	15,014	215	05
15,680	000212	-15,626	-14,646	-16,304	15,054	212	05
15,624	000215	-15,607	-14,632	-16,286	15,016	215	05
15,599	000213	-15,589	-14,613	-16,267	15,010	213	05
15,587	000212	-15,570	-14,595	-16,249	15,017	212	05
15,569	000215	-15,552	-14,576	-16,230	15,017	215	05
15,548	000217	-15,528	-14,551	-16,206	15,020	217	05
15,524	000215	-15,509	-14,533	-16,187	15,015	215	05
15,511	000211	-15,491	-14,514	-16,169	15,021	211	05
15,531	000215	-15,472	-14,491	-16,150	15,059	215	05
15,471	000206	-15,453	-14,476	-16,131	15,018	206	05
15,452	000225	-15,434	-14,458	-16,112	15,018	225	05
15,429	000208	-15,409	-14,433	-16,088	15,020	208	05
15,412	000218	-15,391	-14,414	-16,069	15,022	218	05
15,392	000208	-15,372	-14,395	-16,050	15,020	208	05
15,374	000218	-15,353	-14,377	-16,032	15,021	218	05
15,354	000216	-15,335	-14,358	-16,013	15,019	216	05
15,339	000232	-15,316	-14,339	-15,994	15,023	232	05
15,248	000226	-15,291	-14,315	-15,962	14,956	226	05
15,299	000238	-15,272	-14,296	-15,951	15,026	238	05
15,275	000236	-15,254	-14,277	-15,932	15,021	236	05
15,261	000252	-15,235	-14,259	-15,914	15,026	252	05
15,243	000224	-15,217	-14,240	-15,895	15,026	224	05
15,224	000224	-15,198	-14,221	-15,877	15,026	224	05
15,199	000253	-15,173	-14,196	-15,852	15,026	253	05
15,182	000205	-15,154	-14,178	-15,833	15,027	205	04
15,203	000210	-15,136	-14,154	-15,814	15,067	210	05
15,146	000239	-15,118	-14,141	-15,796	15,028	239	05
15,131	000240	-15,099	-14,122	-15,778	15,031	240	05
15,114	000253	-15,081	-14,104	-15,760	15,033	253	05
15,091	000250	-15,056	-14,079	-15,735	15,035	250	05
15,070	000250	-15,038	-14,061	-15,717	15,032	250	05
15,053	000222	-15,019	-14,042	-15,698	15,034	222	05
15,073	000250	-15,001	-14,019	-15,680	15,072	250	05
15,016	000217	-14,983	-14,005	-15,661	15,033	217	05
14,999	000251	-14,964	-13,986	-15,643	15,035	251	05
14,971	000222	-14,940	-13,962	-15,618	15,032	222	05
14,954	000224	-14,921	-13,944	-15,600	15,033	224	05
14,938	000226	-14,903	-13,925	-15,581	15,035	226	05
14,920	000222	-14,884	-13,906	-15,563	15,035	222	05
14,907	000215	-14,865	-13,888	-15,545	15,042	215	05
14,920	000213	-14,847	-13,865	-15,525	15,072	213	05
14,865	000213	-14,829	-13,851	-15,507	15,036	213	05
14,842	000211	-14,804	-13,826	-15,483	15,038	211	05
14,823	000210	-14,786	-13,807	-15,464	15,038	210	05
14,806	000209	-14,767	-13,788	-15,445	15,040	209	05
14,791	000212	-14,748	-13,770	-15,427	15,043	212	05
14,772	000211	-14,730	-13,751	-15,408	15,042	211	05
14,756	000209	-14,711	-13,733	-15,390	15,045	209	05
14,734	000212	-14,687	-13,708	-15,366	15,047	212	05
14,755	000213	-14,668	-13,685	-15,347	15,087	213	05
14,699	000213	-14,650	-13,671	-15,329	15,049	213	05
14,677	000211	-14,631	-13,653	-15,310	15,046	211	05
14,655	000211	-14,613	-13,634	-15,291	15,042	211	05
14,639	000210	-14,594	-13,615	-15,273	15,045	210	05
14,614	000206	-14,570	-13,590	-15,248	15,044	206	05
14,603	000212	-14,551	-13,572	-15,230	15,052	212	05
14,576	000208	-14,533	-13,553	-15,211	15,044	208	05
14,566	000214	-14,514	-13,535	-15,193	15,052	214	05
14,584	000213	-14,495	-13,512	-15,174	15,089	213	05
14,528	000213	-14,476	-13,498	-15,156	15,052	213	05
14,503	000208	-14,451	-13,472	-15,131	15,052	208	05
14,489	000206	-14,432	-13,453	-15,112	15,057	206	05
14,462	000207	-14,414	-13,435	-15,092	15,048	207	05
14,452	000213	-14,395	-13,416	-15,075	15,057	213	05
14,428	000215	-14,377	-13,397	-15,055	15,051	215	05
14,409	000213	-14,358	-13,378	-15,036	15,051	213	05
14,425	000213	-14,333	-13,349	-15,012	15,092	213	05
14,363	000213	-14,315	-13,335	-14,993	15,048	213	05
14,353	000220	-14,296	-13,316	-14,975	15,058	220	05
14,335	000212	-14,278	-13,298	-14,957	15,058	212	05
14,314	000226	-14,260	-13,279	-14,938	15,055	226	05
14,298	000225	-14,241	-13,261	-14,919	15,057	225	05
14,273	000229	-14,216	-13,236	-14,895	15,057	229	05
14,257	000208	-14,197	-13,218	-14,877	15,060	208	05
14,278	000217	-14,179	-13,194	-14,858	15,099	217	05
14,220	000216	-14,160	-13,180	-14,839	15,060	216	05
14,199	000234	-14,142	-13,161	-14,820	15,057	234	05
14,181	000246	-14,123	-13,143	-14,802	15,058	246	05
14,168	000204	-14,104	-13,124	-14,784	15,064	204	04
14,143	000238	-14,080	-13,099	-14,759	15,063	238	05
14,120	000237	-14,061	-13,081	-14,740	15,059	237	05
14,104	000205	-14,042	-13,062	-14,721	15,061	205	04
14,083	000245	-14,023	-13,043	-14,702	15,060	245	05
14,108	000244	-14,005	-13,020	-14,684	15,103	244	05
14,047	000238	-13,986	-13,006	-14,665	15,061	238	05
14,024	000242	-13,961	-12,980	-14,640	15,062	242	05
14,003	000253	-13,942	-12,962	-14,621	15,060	253	05
13,988	000238	-13,924	-12,943	-14,603	15,064	238	05
13,969	000232	-13,906	-12,925	-14,584	15,063	232	05
13,954	000251	-13,887	-12,907	-14,567	15,066	251	05
13,983	000205	-13,869	-12,882	-14,548	15,115	205	04
13,910	000237	-13,844	-12,863	-14,523	15,066	237	05
13,891	000238	-13,826	-12,845	-14,505	15,065	238	05
13,873	000237	-13,807	-12,827	-14,487	15,065	237	05
13,860	000240	-13,789	-12,808	-14,468	15,070	240	05
13,836	000206	-13,770	-12,789	-14,449	15,066	206	05
13,821	000205	-13,751	-12,771	-14,431	15,070	205	05
13,795	000222	-13,727	-12,746	-14,406	15,068	222	05
13,816	000214	-13,709	-12,723	-14,388	15,107	214	05
13,760	000207	-13,690	-12,709	-14,370	15,070	207	05
13,742	000208	-13,672	-12,690	-14,351	15,070	208	05
13,727	000207	-13,653	-12,672	-14,333	15,075	207	05
13,709	000207	-13,635	-12,653	-14,314	15,074	207	05
13,683	000212	-13,610	-12,628	-14,289	15,073	212	05
13,666	000213	-13,591	-12,610	-14,271	15,074	213	05
13,646	000213	-13,573	-12,591	-14,252	15,073	213	05
13,627	000207	-13,555	-12,572	-14,233	15,073	207	05
13,546	000223	-13,536	-12,554	-14,208	15,010	223	05
13,592	000207	-13,517	-12,535	-14,196	15,075	207	05
13,566	000206	-13,493	-12,511	-14,171	15,073	206	05
13,552	000213	-13,474	-12,492	-14,153	15,078	213	05
13,527	000214	-13,456	-12,474	-14,134	15,071	214	05
13,514	000207	-13,438	-12,455	-14,116	15,077	207	05
13,498	000210	-13,419	-12,437	-14,098	15,079	210	05
13,474	000210	-13,400	-12,418	-14,079	15,074	210	05
13,460	000212	-13,382	-12,399	-14,061	15,078	212	05
13,477	000215	-13,357	-12,371	-14,037	15,119	215	05
13,421	000213	-13,339	-12,356	-14,018	15,082	213	05
13,403	000214	-13,320	-12,338	-14,000	15,083	214	05
13,382	000212	-13,301	-12,320	-13,981	15,080	212	05
13,365	000213	-13,283	-12,301	-13,963	15,082	213	05
13,351	000215	-13,265	-12,282	-13,945	15,086	215	05
13,319	000211	-13,240	-12,258	-13,919	15,079	211	05
13,303	000213	-13,222	-12,239	-13,901	15,081	213	05
13,323	000212	-13,203	-12,216	-13,882	15,119	212	05
13,263	000214	-13,185	-12,202	-13,863	15,078	214	05
13,245	000213	-13,166	-12,183	-13,845	15,079	213	05
13,228	000207	-13,148	-12,165	-13,826	15,080	207	05
13,201	000207	-13,123	-12,140	-13,801	15,078	207	05
13,190	000219	-13,104	-12,121	-13,783	15,087	219	05
13,172	000224	-13,085	-12,103	-13,765	15,086	224	05
13,154	000222	-13,067	-12,085	-13,747	15,087	222	05
13,135	000211	-13,049	-12,066	-13,728	15,086	211	05
13,154	000223	-13,030	-12,043	-13,709	15,124	223	05
13,093	000230	-13,006	-12,023	-13,685	15,087	230	05
13,078	000220	-12,987	-12,004	-13,666	15,092	220	05
13,052	000224	-12,968	-11,985	-13,647	15,084	224	05
13,041	000215	-12,950	-11,967	-13,629	15,092	215	05
13,021	000253	-12,931	-11,947	-13,610	15,090	253	05
13,003	000251	-12,912	-11,929	-13,591	15,091	251	05
12,981	000219	-12,887	-11,904	-13,567	15,094	219	05
12,997	000252	-12,869	-11,881	-13,548	15,128	252	05
12,943	000253	-12,850	-11,867	-13,529	15,093	253	05
12,924	000249	-12,831	-11,847	-13,510	15,093	249	05
12,904	000221	-12,812	-11,829	-13,492	15,092	221	05
12,889	000220	-12,794	-11,810	-13,473	15,095	220	05
12,863	000254	-12,769	-11,785	-13,448	15,094	254	05
12,844	000216	-12,751	-11,767	-13,430	15,093	216	05
12,865	000254	-12,732	-11,744	-13,411	15,133	254	05
12,810	000209	-12,713	-11,729	-13,393	15,097	209	04
12,790	000235	-12,695	-11,711	-13,374	15,095	235	05
12,773	000226	-12,677	-11,693	-13,356	15,096	226	05
12,755	000248	-12,658	-11,674	-13,337	15,097	248	05
12,732	000222	-12,633	-11,649	-13,312	15,099	222	05
12,710	000206	-12,615	-11,631	-13,294	15,095	206	05
12,694	000207	-12,597	-11,612	-13,275	15,097	207	05
12,676	000206	-12,578	-11,593	-13,257	15,098	206	05
12,694	000207	-12,560	-11,571	-13,238	15,134	207	05
12,643	000208	-12,541	-11,557	-13,221	15,102	208	05
12,622	000208	-12,516	-11,531	-13,196	15,105	208	05
12,596	000207	-12,499	-11,514	-13,177	15,097	207	05
12,582	000209	-12,479	-11,495	-13,159	15,102	209	05
12,560	000207	-12,461	-11,476	-13,140	15,099	207	05
12,546	000216	-12,442	-11,458	-13,122	15,104	216	05
12,526	000210	-12,424	-11,439	-13,103	15,101	210	05
12,541	000213	-12,399	-11,410	-13,078	15,142	213	05
12,487	000208	-12,381	-11,395	-13,060	15,106	208	05
12,470	000212	-12,362	-11,377	-13,041	15,108	212	05
12,444	000214	-12,344	-11,358	-13,022	15,101	214	05
12,431	000209	-12,325	-11,339	-13,004	15,106	209	05
12,409	000208	-12,306	-11,321	-12,985	15,103	208	05
12,389	000216	-12,281	-11,295	-12,960	15,109	216	05
12,374	000207	-12,262	-11,276	-12,941	15,113	207	05
12,351	000206	-12,244	-11,258	-12,922	15,108	206	05
12,368	000207	-12,225	-11,235	-12,904	15,144	207	05
12,314	000209	-12,206	-11,220	-12,885	15,108	209	05
12,296	000235	-12,186	-11,201	-12,865	15,110	235	05
12,275	000216	-12,161	-11,175	-12,841	15,114	216	05
12,257	000214	-12,142	-11,157	-12,822	15,115	214	05
12,240	000206	-12,124	-11,138	-12,803	15,116	206	05
12,216	000222	-12,106	-11,120	-12,785	15,111	222	05
12,194	000213	-12,087	-11,101	-12,766	15,107	213	05
12,213	000214	-12,069	-11,078	-12,747	15,144	214	05
12,167	000213	-12,049	-11,063	-12,729	15,118	213	05
12,138	000212	-12,025	-11,039	-12,704	15,112	212	05
12,121	000216	-12,006	-11,020	-12,685	15,115	216	05
12,103	000210	-11,987	-11,001	-12,666	15,116	210	05
12,081	000210	-11,969	-10,983	-12,648	15,112	210	05
12,065	000209	-11,950	-10,964	-12,629	15,115	209	05
12,030	000213	-11,932	-10,948	-12,611	15,098	213	05
12,009	000211	-11,907	-10,922	-12,586	15,102	211	05
12,023	000208	-11,888	-10,900	-12,568	15,135	208	05
11,966	000220	-11,870	-10,886	-12,549	15,097	220	05
11,952	000230	-11,851	-10,867	-12,531	15,101	230	05
11,931	000213	-11,833	-10,848	-12,512	15,098	213	05
11,917	000225	-11,814	-10,829	-12,493	15,103	225	05
11,891	000244	-11,789	-10,805	-12,468	15,102	244	05
11,876	000242	-11,770	-10,786	-12,450	15,105	242	05
11,855	000238	-11,752	-10,768	-12,431	15,102	238	05
11,872	000234	-11,734	-10,745	-12,413	15,138	234	05
11,824	000243	-11,715	-10,730	-12,394	15,109	243	05
11,801	000253	-11,696	-10,711	-12,375	15,104	253	05
11,782	000243	-11,672	-10,686	-12,351	15,110	243	05
11,759	000254	-11,653	-10,668	-12,332	15,106	254	05
11,743	000233	-11,634	-10,649	-12,314	15,108	233	05
11,730	000239	-11,616	-10,630	-12,296	15,114	239	05
11,735	000223	-11,597	-10,608	-12,276	15,138	223	05
11,688	000206	-11,579	-10,593	-12,258	15,109	206	04
11,666	000238	-11,554	-10,568	-12,233	15,112	238	05
11,648	000238	-11,535	-10,550	-12,215	15,112	238	05
11,629	000204	-11,517	-10,531	-12,196	15,112	204	04
11,609	000253	-11,498	-10,513	-12,177	15,111	253	05
11,589	000215	-11,480	-10,494	-12,159	15,109	215	05
11,568	000207	-11,461	-10,476	-12,140	15,108	207	05
11,589	000218	-11,437	-10,447	-12,116	15,153	218	05
11,536	000208	-11,418	-10,432	-12,097	15,118	208	05
11,517	000219	-11,399	-10,413	-12,079	15,118	219	05
11,497	000213	-11,380	-10,394	-12,060	15,117	213	05
11,483	000208	-11,363	-10,376	-12,042	15,120	208	05
11,456	000212	-11,344	-10,358	-12,023	15,112	212	05
11,448	000214	-11,325	-10,338	-12,005	15,123	214	05
11,414	000211	-11,300	-10,314	-11,980	15,114	211	05
11,402	000214	-11,282	-10,295	-11,961	15,120	214	05
11,409	000206	-11,263	-10,274	-11,942	15,146	206	05
11,354	000213	-11,244	-10,259	-11,923	15,110	213	05
11,339	000213	-11,226	-10,240	-11,905	15,114	213	05
11,326	000210	-11,207	-10,221	-11,887	15,119	210	05
11,296	000212	-11,183	-10,196	-11,862	15,113	212	05
11,292	000213	-11,164	-10,177	-11,844	15,128	213	05
11,262	000214	-11,145	-10,159	-11,825	15,117	214	05
11,255	000213	-11,127	-10,140	-11,807	15,128	213	05
11,236	000215	-11,109	-10,121	-11,788	15,127	215	05
11,240	000215	-11,090	-10,100	-11,769	15,150	215	05
11,182	000213	-11,065	-10,079	-11,744	15,117	213	05
11,166	000210	-11,046	-10,060	-11,726	15,120	210	05
11,156	000214	-11,028	-10,041	-11,707	15,128	214	05
11,133	000210	-11,009	-10,023	-11,689	15,124	210	05
11,124	000212	-10,991	-10,003	-11,671	15,133	212	05
11,095	000215	-10,972	-9,985	-11,651	15,123	215	05
11,072	000211	-10,950	-9,961	-11,627	15,122	211	05
11,085	000213	-10,931	-9,939	-11,608	15,154	213	05
11,036	000213	-10,912	-9,923	-11,590	15,124	213	05
11,017	000209	-10,894	-9,905	-11,571	15,124	209	05
11,007	000209	-10,875	-9,885	-11,552	15,132	209	05
10,992	000218	-10,857	-9,866	-11,534	15,135	218	05
10,965	000225	-10,832	-9,842	-11,509	15,133	225	05
10,946	000225	-10,813	-9,823	-11,490	15,133	225	05
10,926	000224	-10,794	-9,804	-11,472	15,132	224	05
10,844	000226	-10,775	-9,786	-11,446	15,069	226	05
10,887	000206	-10,757	-9,768	-11,435	15,130	206	05
10,870	000207	-10,739	-9,749	-11,417	15,131	207	05
10,853	000223	-10,715	-9,724	-11,392	15,139	223	05
10,833	000223	-10,696	-9,706	-11,374	15,136	223	05
10,811	000215	-10,677	-9,688	-11,355	15,134	215	05
10,793	000215	-10,659	-9,669	-11,336	15,134	215	05
10,777	000215	-10,641	-9,651	-11,318	15,136	215	05
10,758	000251	-10,623	-9,633	-11,300	15,135	251	05
10,772	000222	-10,604	-9,610	-11,281	15,168	222	05
10,718	000215	-10,579	-9,589	-11,257	15,139	215	05
10,699	000215	-10,560	-9,571	-11,238	15,139	215	05
10,683	000216	-10,542	-9,552	-11,220	15,141	216	05
10,665	000214	-10,524	-9,533	-11,201	15,141	214	05
10,647	000225	-10,505	-9,514	-11,183	15,142	225	05
10,628	000251	-10,487	-9,496	-11,164	15,141	251	05
10,605	000215	-10,461	-9,471	-11,139	15,144	215	05
10,614	000247	-10,443	-9,449	-11,120	15,171	247	05
10,567	000251	-10,424	-9,434	-11,102	15,143	251	05
10,547	000231	-10,405	-9,415	-11,083	15,142	231	05
10,530	000216	-10,387	-9,396	-11,064	15,143	216	05
10,512	000216	-10,368	-9,377	-11,046	15,143	216	05
10,487	000215	-10,343	-9,353	-11,021	15,144	215	05
10,471	000214	-10,325	-9,334	-11,003	15,146	214	05
10,450	000212	-10,306	-9,316	-10,984	15,143	212	05
10,389	000217	-10,288	-9,297	-10,961	15,101	217	05
10,432	000214	-10,270	-9,279	-10,949	15,162	214	05
10,410	000220	-10,252	-9,260	-10,930	15,159	220	05
10,389	000215	-10,227	-9,235	-10,906	15,162	215	05
10,374	000213	-10,208	-9,217	-10,888	15,166	213	05
10,353	000206	-10,190	-9,198	-10,869	15,163	206	05
10,334	000213	-10,171	-9,180	-10,850	15,163	213	05
10,314	000214	-10,153	-9,161	-10,832	15,162	214	05
10,329	000215	-10,134	-9,139	-10,813	15,195	215	05
10,274	000205	-10,109	-9,117	-10,788	15,165	205	05
10,264	000213	-10,090	-9,098	-10,770	15,175	213	05
10,240	000215	-10,072	-9,080	-10,751	15,168	215	05
10,221	000215	-10,053	-9,061	-10,732	15,168	215	05
10,206	000206	-10,034	-9,043	-10,714	15,172	206	05
10,190	000214	-10,016	-9,024	-10,696	15,174	214	05
10,168	000213	-9,991	-8,999	-10,671	15,178	213	05
10,148	000209	-9,972	-8,980	-10,652	15,176	209	05
10,152	000213	-9,954	-8,958	-10,633	15,198	213	05
10,111	000214	-9,935	-8,943	-10,615	15,177	214	05
10,088	000215	-9,916	-8,924	-10,596	15,172	215	05
10,075	000206	-9,897	-8,906	-10,578	15,177	206	05
10,054	000214	-9,879	-8,887	-10,559	15,174	214	05
10,026	000206	-9,855	-8,862	-10,533	15,171	206	05
10,011	000216	-9,836	-8,843	-10,515	15,175	216	05
9,991	000209	-9,817	-8,824	-10,496	15,175	209	05
9,919	000221	-9,798	-8,805	-10,471	15,121	221	05
9,955	000215	-9,780	-8,787	-10,459	15,175	215	05
9,937	000213	-9,761	-8,768	-10,440	15,176	213	05
9,912	000209	-9,736	-8,743	-10,415	15,176	209	05
9,897	000215	-9,718	-8,724	-10,397	15,180	215	05
9,875	000214	-9,699	-8,706	-10,378	15,176	214	05
9,857	000208	-9,680	-8,687	-10,360	15,177	208	05
9,838	000212	-9,662	-8,669	-10,341	15,176	212	05
9,821	000226	-9,643	-8,650	-10,323	15,178	226	05
9,834	000223	-9,618	-8,622	-10,298	15,216	223	05
9,782	000214	-9,599	-8,606	-10,279	15,182	214	05
9,765	000226	-9,581	-8,588	-10,261	15,184	226	05
9,749	000224	-9,563	-8,570	-10,243	15,186	224	05
9,731	000230	-9,544	-8,551	-10,224	15,186	230	05
9,711	000245	-9,526	-8,533	-10,206	15,185	245	05
9,689	000204	-9,502	-8,508	-10,182	15,188	204	04
9,669	000205	-9,484	-8,490	-10,163	15,186	205	04
9,680	000225	-9,465	-8,468	-10,145	15,215	225	05
9,634	000250	-9,447	-8,453	-10,127	15,187	250	05
9,613	000242	-9,428	-8,435	-10,108	15,184	242	05
9,600	000245	-9,410	-8,416	-10,090	15,189	245	05
9,576	000204	-9,386	-8,392	-10,065	15,191	204	04
9,557	000205	-9,367	-8,373	-10,046	15,191	205	04
9,535	000243	-9,348	-8,354	-10,028	15,187	243	05
9,519	000239	-9,330	-8,335	-10,009	15,190	239	05
9,531	000246	-9,311	-8,314	-9,991	15,220	246	05
9,483	000214	-9,292	-8,298	-9,972	15,191	214	05
9,459	000213	-9,267	-8,273	-9,946	15,192	213	05
9,439	000238	-9,248	-8,254	-9,928	15,191	238	05
9,422	000243	-9,230	-8,235	-9,909	15,192	243	05
9,405	000246	-9,211	-8,216	-9,890	15,194	246	05
9,386	000233	-9,192	-8,198	-9,872	15,193	233	05
9,365	000217	-9,174	-8,179	-9,853	15,192	217	05
9,380	000212	-9,155	-8,157	-9,835	15,225	212	05
9,329	000214	-9,130	-8,136	-9,810	15,199	214	05
9,310	000206	-9,112	-8,117	-9,792	15,198	206	05
9,289	000215	-9,093	-8,099	-9,773	15,196	215	05
9,271	000215	-9,075	-8,080	-9,754	15,196	215	05
9,251	000215	-9,056	-8,062	-9,736	15,195	215	05
9,238	000211	-9,038	-8,043	-9,717	15,200	211	05
9,212	000212	-9,012	-8,017	-9,692	15,200	212	05
9,220	000213	-8,994	-7,996	-9,674	15,226	213	05
9,177	000213	-8,975	-7,980	-9,655	15,202	213	05
9,157	000206	-8,957	-7,962	-9,637	15,199	206	05
9,139	000215	-8,938	-7,943	-9,618	15,201	215	05
9,123	000215	-8,919	-7,924	-9,599	15,204	215	05
9,098	000214	-8,894	-7,899	-9,574	15,204	214	05
9,078	000213	-8,875	-7,880	-9,555	15,203	213	05
9,062	000214	-8,857	-7,862	-9,537	15,205	214	05
9,043	000211	-8,839	-7,843	-9,518	15,205	211	05
9,053	000212	-8,819	-7,821	-9,499	15,234	212	05
9,002	000215	-8,801	-7,806	-9,480	15,201	215	05
8,984	000214	-8,776	-7,781	-9,456	15,208	214	05
8,966	000215	-8,758	-7,762	-9,438	15,209	215	05
8,948	000215	-8,739	-7,744	-9,419	15,209	215	05
8,930	000216	-8,720	-7,725	-9,401	15,209	216	05
8,909	000212	-8,702	-7,707	-9,382	15,207	212	05
8,889	000210	-8,684	-7,688	-9,363	15,205	210	05
8,896	000212	-8,659	-7,660	-9,339	15,237	212	05
8,849	000206	-8,640	-7,644	-9,320	15,209	206	05
8,828	000214	-8,622	-7,626	-9,301	15,206	214	05
8,810	000205	-8,603	-7,607	-9,283	15,207	205	05
8,795	000208	-8,584	-7,588	-9,264	15,211	208	05
8,779	000215	-8,566	-7,570	-9,246	15,213	215	05
8,756	000215	-8,541	-7,545	-9,221	15,215	215	05
8,734	000214	-8,523	-7,527	-9,203	15,212	214	05
8,720	000215	-8,504	-7,508	-9,184	15,215	215	05
8,724	000211	-8,486	-7,487	-9,166	15,238	211	05
8,681	000214	-8,467	-7,471	-9,147	15,214	214	05
8,658	000223	-8,449	-7,452	-9,128	15,209	223	05
8,642	000229	-8,430	-7,433	-9,109	15,212	229	05
8,617	000215	-8,405	-7,409	-9,085	15,212	215	05
8,601	000214	-8,387	-7,391	-9,067	15,214	214	05
8,586	000220	-8,368	-7,372	-9,049	15,218	220	05
8,565	000222	-8,350	-7,354	-9,030	15,215	222	05
8,581	000206	-8,332	-7,331	-9,011	15,250	206	04
8,531	000226	-8,313	-7,317	-8,993	15,218	226	05
8,507	000215	-8,288	-7,292	-8,968	15,219	215	05
8,487	000252	-8,270	-7,273	-8,950	15,217	252	05
8,469	000252	-8,252	-7,255	-8,931	15,217	252	05
8,451	000232	-8,233	-7,236	-8,913	15,218	232	05
8,435	000215	-8,214	-7,217	-8,894	15,221	215	05
8,418	000215	-8,196	-7,199	-8,876	15,222	215	05
8,419	000234	-8,171	-7,171	-8,851	15,248	234	05
8,373	000248	-8,153	-7,156	-8,833	15,220	248	05
8,355	000215	-8,134	-7,137	-8,814	15,221	215	05
8,336	000215	-8,116	-7,118	-8,795	15,220	215	05
8,319	000236	-8,097	-7,100	-8,777	15,222	236	05
8,296	000228	-8,078	-7,081	-8,758	15,218	228	05
8,276	000218	-8,053	-7,056	-8,733	15,222	218	05
8,259	000223	-8,035	-7,037	-8,714	15,225	223	05
8,268	000216	-8,016	-7,015	-8,696	15,252	216	05
8,221	000214	-7,998	-7,000	-8,677	15,224	214	05
8,204	000207	-7,979	-6,982	-8,659	15,225	207	05
8,189	000225	-7,960	-6,962	-8,640	15,229	225	05
8,163	000210	-7,935	-6,938	-8,615	15,228	210	05
8,143	000207	-7,917	-6,920	-8,597	15,225	207	05
8,128	000214	-7,898	-6,901	-8,578	15,230	214	05
8,107	000207	-7,880	-6,882	-8,560	15,227	207	05
8,091	000206	-7,861	-6,863	-8,541	15,230	206	05
8,095	000214	-7,842	-6,842	-8,522	15,253	214	05
8,048	000205	-7,824	-6,826	-8,503	15,224	205	05
8,030	000206	-7,799	-6,801	-8,479	15,231	206	05
8,014	000214	-7,780	-6,782	-8,460	15,233	214	05
7,996	000213	-7,762	-6,763	-8,442	15,234	213	05
7,976	000214	-7,743	-6,745	-8,423	15,233	214	05
7,955	000215	-7,725	-6,726	-8,404	15,230	215	05
7,940	000212	-7,706	-6,707	-8,385	15,235	212	05
7,862	000224	-7,681	-6,682	-8,355	15,181	224	05
7,899	000206	-7,662	-6,663	-8,342	15,236	206	05
7,879	000215	-7,644	-6,645	-8,323	15,235	215	05
7,862	000214	-7,625	-6,626	-8,304	15,238	214	05
7,843	000209	-7,606	-6,607	-8,286	15,237	209	05
7,827	000213	-7,587	-6,588	-8,267	15,240	213	05
7,799	000214	-7,563	-6,564	-8,242	15,236	214	05
7,781	000214	-7,544	-6,545	-8,224	15,237	214	05
7,765	000214	-7,526	-6,527	-8,205	15,239	214	05
7,770	000225	-7,507	-6,505	-8,187	15,263	225	05
7,728	000214	-7,488	-6,489	-8,168	15,239	214	05
7,710	000214	-7,470	-6,470	-8,150	15,241	214	05
7,687	000214	-7,445	-6,445	-8,124	15,243	214	05
7,668	000215	-7,426	-6,426	-8,106	15,242	215	05
7,649	000214	-7,408	-6,408	-8,087	15,242	214	05
7,629	000205	-7,389	-6,390	-8,069	15,240	205	05
7,613	000205	-7,371	-6,371	-8,050	15,242	205	05
7,594	000218	-7,352	-6,352	-8,032	15,242	218	05
7,594	000209	-7,327	-6,325	-8,007	15,267	209	05
7,552	000225	-7,309	-6,309	-7,989	15,243	225	05
7,531	000221	-7,290	-6,291	-7,970	15,240	221	05
7,516	000209	-7,272	-6,272	-7,951	15,244	209	05
7,498	000222	-7,253	-6,253	-7,933	15,245	222	05
7,480	000235	-7,234	-6,234	-7,914	15,245	235	05
7,454	000246	-7,210	-6,210	-7,889	15,244	246	05
7,435	000214	-7,191	-6,191	-7,870	15,244	214	05
7,417	000223	-7,170	-6,172	-7,852	15,247	223	05
7,404	000228	-7,153	-6,153	-7,833	15,251	228	05
7,382	000253	-7,135	-6,134	-7,814	15,247	253	05
7,363	000245	-7,116	-6,116	-7,796	15,247	245	05
7,350	000243	-7,098	-6,097	-7,778	15,253	243	05
7,320	000254	-7,073	-6,072	-7,752	15,247	254	05
7,307	000238	-7,054	-6,053	-7,734	15,253	238	05
7,234	000241	-7,035	-6,034	-7,709	15,199	241	05
7,267	000237	-7,016	-6,016	-7,696	15,251	237	05
7,250	000213	-6,998	-5,998	-7,678	15,252	213	05
7,238	000243	-6,979	-5,979	-7,660	15,258	243	05
7,213	000250	-6,955	-5,954	-7,635	15,258	250	05
7,186	000205	-6,936	-5,935	-7,615	15,250	205	04
7,174	000238	-6,917	-5,916	-7,597	15,257	238	05
7,152	000231	-6,899	-5,898	-7,578	15,253	231	05
7,158	000214	-6,880	-5,877	-7,560	15,277	214	05
7,116	000215	-6,861	-5,861	-7,541	15,255	215	05
7,098	000207	-6,836	-5,835	-7,516	15,262	207	05
7,079	000215	-6,818	-5,817	-7,498	15,261	215	05
7,062	000214	-6,799	-5,798	-7,479	15,263	214	05
7,042	000210	-6,780	-5,779	-7,461	15,262	210	05
7,021	000215	-6,762	-5,760	-7,442	15,260	215	05
7,007	000215	-6,743	-5,741	-7,423	15,265	215	05
6,979	000205	-6,719	-5,717	-7,398	15,261	205	05
6,984	000215	-6,700	-5,695	-7,379	15,285	215	05
6,948	000206	-6,680	-5,679	-7,361	15,268	206	05
6,930	000215	-6,662	-5,660	-7,342	15,268	215	05
6,907	000210	-6,643	-5,642	-7,323	15,264	210	05
6,889	000214	-6,625	-5,623	-7,305	15,264	214	05
6,860	000206	-6,601	-5,599	-7,280	15,259	206	05
6,848	000214	-6,581	-5,579	-7,261	15,267	214	05
6,830	000206	-6,562	-5,560	-7,243	15,268	206	05
6,808	000214	-6,545	-5,543	-7,224	15,263	214	05
6,812	000215	-6,526	-5,521	-7,206	15,287	215	05
6,772	000215	-6,507	-5,505	-7,187	15,265	215	05
6,747	000214	-6,483	-5,480	-7,162	15,264	214	05
6,728	000208	-6,464	-5,462	-7,143	15,265	208	05
6,715	000211	-6,444	-5,442	-7,125	15,271	211	05
6,692	000213	-6,426	-5,424	-7,106	15,265	213	05
6,676	000206	-6,408	-5,406	-7,088	15,268	206	05
6,661	000215	-6,389	-5,387	-7,069	15,272	215	05
6,589	000227	-6,371	-5,368	-7,045	15,218	227	05
6,617	000216	-6,347	-5,344	-7,026	15,271	216	05
6,595	000214	-6,328	-5,325	-7,008	15,267	214	05
6,580	000208	-6,310	-5,307	-6,989	15,270	208	05
6,563	000211	-6,290	-5,288	-6,971	15,272	211	05
6,545	000206	-6,273	-5,270	-6,953	15,272	206	05
6,530	000215	-6,254	-5,251	-6,934	15,277	215	05
6,505	000210	-6,230	-5,226	-6,909	15,275	210	05
6,484	000225	-6,211	-5,208	-6,891	15,274	225	05
6,492	000215	-6,192	-5,186	-6,872	15,300	215	05
6,452	000215	-6,173	-5,170	-6,853	15,279	215	05
6,431	000217	-6,155	-5,152	-6,835	15,276	217	05
6,415	000222	-6,136	-5,133	-6,816	15,279	222	05
6,392	000222	-6,111	-5,108	-6,792	15,281	222	05
6,370	000215	-6,093	-5,090	-6,773	15,277	215	05
6,349	000215	-6,075	-5,071	-6,754	15,274	215	05
6,333	000215	-6,056	-5,052	-6,736	15,277	215	05
6,339	000214	-6,038	-5,031	-6,717	15,302	214	05
6,302	000251	-6,018	-5,015	-6,698	15,283	251	05
6,273	000223	-5,994	-4,990	-6,673	15,279	223	05
6,254	000214	-5,975	-4,971	-6,655	15,278	214	05
6,239	000215	-5,957	-4,953	-6,636	15,282	215	05
6,220	000216	-5,938	-4,934	-6,618	15,282	216	05
6,202	000251	-5,919	-4,915	-6,599	15,283	251	05
6,183	000223	-5,900	-4,897	-6,580	15,283	223	05
6,183	000249	-5,876	-4,869	-6,556	15,307	249	05
6,142	000224	-5,857	-4,853	-6,537	15,285	224	05
6,124	000214	-5,839	-4,834	-6,518	15,285	214	05
6,105	000251	-5,820	-4,815	-6,499	15,285	251	05
6,089	000254	-5,801	-4,797	-6,481	15,287	254	05
6,068	000224	-5,783	-4,779	-6,463	15,285	224	05
6,044	000215	-5,759	-4,754	-6,438	15,285	215	05
6,029	000249	-5,740	-4,735	-6,420	15,289	249	05
6,032	000215	-5,721	-4,714	-6,401	15,311	215	05
5,991	000214	-5,703	-4,698	-6,382	15,288	214	05
5,971	000214	-5,684	-4,680	-6,364	15,286	214	05
5,953	000215	-5,666	-4,661	-6,345	15,288	215	05
5,934	000214	-5,647	-4,642	-6,326	15,287	214	05
5,915	000210	-5,622	-4,617	-6,302	15,292	210	05
5,896	000213	-5,603	-4,598	-6,283	15,292	213	05
5,879	000213	-5,586	-4,581	-6,266	15,293	213	05
5,881	000215	-5,567	-4,560	-6,247	15,314	215	05
5,838	000214	-5,549	-4,544	-6,228	15,289	214	05
5,825	000211	-5,530	-4,525	-6,210	15,296	211	05
5,800	000215	-5,505	-4,500	-6,185	15,295	215	05
5,783	000215	-5,487	-4,481	-6,167	15,297	215	05
5,763	000209	-5,468	-4,463	-6,148	15,295	209	05
5,729	000213	-5,449	-4,446	-6,129	15,280	213	05
5,709	000214	-5,431	-4,428	-6,111	15,278	214	05
5,694	000214	-5,413	-4,409	-6,093	15,281	214	05
5,690	000213	-5,388	-4,383	-6,069	15,301	213	05
5,649	000214	-5,370	-4,367	-6,050	15,279	214	05
5,632	000206	-5,351	-4,347	-6,031	15,281	206	05
5,615	000215	-5,333	-4,329	-6,013	15,282	215	05
5,596	000214	-5,314	-4,311	-5,994	15,282	214	05
5,579	000208	-5,296	-4,292	-5,976	15,284	208	05
5,554	000211	-5,272	-4,268	-5,951	15,283	211	05
5,533	000212	-5,253	-4,249	-5,932	15,281	212	05
5,539	000223	-5,234	-4,228	-5,914	15,304	223	05
5,502	000214	-5,216	-4,212	-5,896	15,287	214	05
5,483	000215	-5,197	-4,193	-5,877	15,286	215	05
5,467	000215	-5,179	-4,174	-5,859	15,288	215	05
5,441	000214	-5,153	-4,149	-5,834	15,288	214	05
5,417	000220	-5,135	-4,131	-5,814	15,282	220	05
5,401	000209	-5,116	-4,112	-5,796	15,285	209	05
5,384	000214	-5,098	-4,093	-5,777	15,286	214	05
5,366	000224	-5,079	-4,074	-5,759	15,288	224	05
5,367	000214	-5,060	-4,053	-5,739	15,307	214	05
5,325	000218	-5,035	-4,030	-5,715	15,290	218	05
5,301	000215	-5,016	-4,012	-5,696	15,285	215	05
5,285	000212	-4,998	-3,993	-5,678	15,287	212	05
5,263	000212	-4,979	-3,975	-5,659	15,284	212	05
5,254	000230	-4,961	-3,956	-5,641	15,294	230	05
5,235	000246	-4,942	-3,937	-5,622	15,293	246	05
5,211	000213	-4,924	-3,919	-5,603	15,287	213	05
5,208	000214	-4,899	-3,892	-5,578	15,309	214	05
5,175	000230	-4,880	-3,875	-5,560	15,295	230	05
5,157	000251	-4,861	-3,856	-5,541	15,295	251	05
5,138	000238	-4,843	-3,838	-5,523	15,295	238	05
5,124	000240	-4,824	-3,819	-5,505	15,300	240	05
5,102	000244	-4,806	-3,800	-5,486	15,296	244	05
5,077	000235	-4,781	-3,776	-5,461	15,296	235	05
5,061	000247	-4,762	-3,757	-5,443	15,298	247	05
5,060	000251	-4,744	-3,736	-5,424	15,316	251	05
5,021	000253	-4,725	-3,720	-5,405	15,295	253	05
5,003	000241	-4,707	-3,701	-5,387	15,297	241	05
4,986	000244	-4,688	-3,683	-5,368	15,298	244	05
4,963	000228	-4,663	-3,657	-5,343	15,301	228	05
4,943	000246	-4,644	-3,638	-5,324	15,299	246	05
4,924	000204	-4,626	-3,620	-5,305	15,299	204	04
4,860	000236	-4,606	-3,601	-5,282	15,254	236	05
4,890	000235	-4,588	-3,582	-5,268	15,302	235	05
4,873	000226	-4,570	-3,564	-5,250	15,303	226	05
4,848	000232	-4,545	-3,539	-5,225	15,303	232	05
4,834	000205	-4,526	-3,520	-5,206	15,308	205	05
4,811	000215	-4,508	-3,501	-5,187	15,304	215	05
4,795	000215	-4,489	-3,482	-5,169	15,306	215	05
4,775	000215	-4,470	-3,464	-5,150	15,305	215	05
4,761	000209	-4,453	-3,444	-5,131	15,308	209	05
4,746	000212	-4,428	-3,418	-5,106	15,318	212	05
4,717	000213	-4,410	-3,401	-5,088	15,307	213	05
4,692	000211	-4,391	-3,383	-5,069	15,301	211	05
4,686	000214	-4,373	-3,364	-5,051	15,313	214	05
4,665	000215	-4,354	-3,346	-5,032	15,311	215	05
4,638	000208	-4,335	-3,327	-5,013	15,303	208	05
4,631	000205	-4,317	-3,308	-4,995	15,314	205	05
4,592	000206	-4,292	-3,284	-4,970	15,300	206	05
4,594	000209	-4,273	-3,263	-4,951	15,321	209	05
4,557	000206	-4,255	-3,246	-4,932	15,302	206	05
4,553	000214	-4,236	-3,227	-4,915	15,317	214	05
4,525	000214	-4,218	-3,209	-4,896	15,307	214	05
4,518	000214	-4,200	-3,190	-4,878	15,319	214	05
4,479	000206	-4,175	-3,166	-4,853	15,304	206	05
4,476	000206	-4,157	-3,147	-4,835	15,319	206	05
4,455	000215	-4,138	-3,128	-4,816	15,317	215	05
4,439	000215	-4,119	-3,110	-4,798	15,320	215	05
4,441	000211	-4,101	-3,089	-4,779	15,340	211	05
4,404	000220	-4,083	-3,073	-4,761	15,321	220	05
4,379	000214	-4,058	-3,048	-4,736	15,322	214	05
4,361	000214	-4,039	-3,029	-4,717	15,322	214	05
4,342	000215	-4,021	-3,011	-4,699	15,321	215	05
4,325	000215	-4,002	-2,992	-4,680	15,323	215	05
4,307	000215	-3,984	-2,974	-4,662	15,323	215	05
4,276	000212	-3,965	-2,956	-4,643	15,311	212	05
4,280	000212	-3,940	-2,928	-4,618	15,340	212	05
4,235	000214	-3,921	-2,912	-4,599	15,313	214	05
4,227	000212	-3,903	-2,893	-4,581	15,324	212	05
4,202	000224	-3,884	-2,874	-4,562	15,317	224	05
4,180	000227	-3,866	-2,856	-4,543	15,315	227	05
4,161	000215	-3,847	-2,838	-4,525	15,314	215	05
4,142	000222	-3,822	-2,812	-4,500	15,320	222	05
4,130	000212	-3,804	-2,794	-4,482	15,326	212	05
4,122	000215	-3,785	-2,775	-4,465	15,336	215	05
4,123	000224	-3,767	-2,755	-4,447	15,356	224	05
4,087	000223	-3,748	-2,738	-4,428	15,339	223	05
4,072	000224	-3,730	-2,720	-4,410	15,342	224	05
4,048	000218	-3,705	-2,695	-4,385	15,342	218	05
4,028	000252	-3,687	-2,676	-4,366	15,342	252	05
4,012	000221	-3,668	-2,658	-4,348	15,344	221	05
3,995	000224	-3,650	-2,639	-4,330	15,346	224	05
3,977	000225	-3,631	-2,621	-4,311	15,346	225	05
3,979	000206	-3,613	-2,600	-4,293	15,367	206	04
3,939	000224	-3,594	-2,583	-4,274	15,345	224	05
3,912	000252	-3,569	-2,559	-4,249	15,343	252	05
3,896	000224	-3,551	-2,540	-4,231	15,345	224	05
3,879	000236	-3,532	-2,521	-4,212	15,347	236	05
3,859	000204	-3,514	-2,503	-4,194	15,346	204	04
3,843	000215	-3,495	-2,484	-4,175	15,348	215	05
3,826	000214	-3,476	-2,465	-4,157	15,349	214	05
3,818	000248	-3,452	-2,439	-4,132	15,366	248	05
3,782	000225	-3,434	-2,422	-4,113	15,349	225	05
3,765	000216	-3,414	-2,404	-4,095	15,350	216	05
3,747	000205	-3,396	-2,385	-4,076	15,352	205	05
3,729	000215	-3,378	-2,366	-4,058	15,352	215	05
3,711	000215	-3,359	-2,348	-4,039	15,352	215	05
3,689	000208	-3,334	-2,323	-4,015	15,354	208	05
3,662	000207	-3,317	-2,305	-3,996	15,346	207	05
3,668	000212	-3,297	-2,284	-3,977	15,371	212	05
3,632	000204	-3,279	-2,267	-3,959	15,353	204	05
3,612	000210	-3,261	-2,249	-3,940	15,352	210	05
3,598	000214	-3,242	-2,230	-3,922	15,356	214	05
3,570	000205	-3,218	-2,206	-3,897	15,352	205	05
3,556	000205	-3,198	-2,187	-3,879	15,357	205	05
3,535	000206	-3,181	-2,169	-3,861	15,354	206	05
3,516	000215	-3,162	-2,150	-3,842	15,354	215	05
3,497	000209	-3,144	-2,132	-3,823	15,353	209	05
3,497	000210	-3,125	-2,111	-3,805	15,372	210	05
3,459	000215	-3,100	-2,088	-3,780	15,359	215	05
3,442	000204	-3,081	-2,069	-3,762	15,361	204	05
3,419	000215	-3,063	-2,051	-3,743	15,356	215	05
3,405	000208	-3,045	-2,033	-3,725	15,360	208	05
3,383	000206	-3,027	-2,015	-3,706	15,356	206	05
3,369	000214	-3,008	-1,996	-3,688	15,361	214	05
3,346	000206	-2,983	-1,971	-3,663	15,363	206	05
3,331	000213	-2,965	-1,952	-3,645	15,366	213	05
3,323	000211	-2,947	-1,933	-3,627	15,375	211	05
3,288	000214	-2,929	-1,916	-3,608	15,360	214	05
3,274	000211	-2,909	-1,897	-3,590	15,364	211	05
3,254	000215	-2,892	-1,879	-3,571	15,362	215	05
3,235	000215	-2,873	-1,860	-3,553	15,361	215	05
3,211	000215	-2,849	-1,836	-3,528	15,363	215	05
3,196	000215	-2,830	-1,817	-3,510	15,366	215	05
3,176	000214	-2,812	-1,798	-3,491	15,365	214	05
3,176	000209	-2,792	-1,777	-3,472	15,384	209	05
3,146	000214	-2,774	-1,761	-3,454	15,372	214	05
3,123	000224	-2,755	-1,742	-3,435	15,367	224	05
3,096	000212	-2,731	-1,717	-3,410	15,365	212	05
3,078	000215	-2,712	-1,699	-3,392	15,366	215	05
3,062	000224	-2,694	-1,680	-3,373	15,369	224	05
3,045	000214	-2,674	-1,661	-3,355	15,371	214	05
3,023	000228	-2,656	-1,643	-3,336	15,367	228	05
3,007	000213	-2,638	-1,624	-3,317	15,369	213	05
3,000	000245	-2,613	-1,597	-3,293	15,388	245	05
2,968	000204	-2,594	-1,581	-3,274	15,374	204	04
2,947	000246	-2,576	-1,562	-3,256	15,371	246	05
2,928	000219	-2,558	-1,544	-3,237	15,370	219	05
2,912	000251	-2,538	-1,525	-3,218	15,374	251	05
2,894	000206	-2,519	-1,506	-3,200	15,375	206	05
2,869	000246	-2,495	-1,481	-3,175	15,374	246	05
2,865	000247	-2,476	-1,461	-3,156	15,389	247	05
2,832	000239	-2,458	-1,444	-3,138	15,375	239	05
3,101	000233	-2,466	-1,433	-3,156	15,635	233	05
3,091	000243	-2,457	-1,426	-3,148	15,633	243	05
3,061	000245	-2,440	-1,410	-3,131	15,620	245	05
3,038	000250	-2,416	-1,385	-3,107	15,622	250	05
3,020	000214	-2,396	-1,366	-3,088	15,624	214	05
2,999	000244	-2,378	-1,348	-3,069	15,621	244	05
2,997	000244	-2,359	-1,327	-3,050	15,638	244	05
2,966	000239	-2,341	-1,310	-3,031	15,626	239	05
2,947	000240	-2,321	-1,291	-3,012	15,626	240	05
2,922	000224	-2,296	-1,265	-2,987	15,625	224	05
2,904	000213	-2,277	-1,246	-2,968	15,627	213	05
2,885	000212	-2,258	-1,228	-2,949	15,627	212	05
2,869	000211	-2,240	-1,209	-2,931	15,629	211	05
2,852	000211	-2,221	-1,189	-2,911	15,631	211	05
2,851	000208	-2,202	-1,168	-2,893	15,649	208	05
2,818	000211	-2,183	-1,151	-2,874	15,635	211	05
2,792	000213	-2,157	-1,126	-2,848	15,635	213	05
2,776	000209	-2,139	-1,107	-2,830	15,637	209	05
2,755	000209	-2,118	-1,087	-2,810	15,636	209	05
2,737	000210	-2,101	-1,069	-2,791	15,637	210	05
2,725	000209	-2,081	-1,049	-2,773	15,643	209	05
2,705	000209	-2,063	-1,031	-2,754	15,642	209	05
2,681	000207	-2,038	-1,005	-2,729	15,644	207	05
2,614	000217	-2,019	-0,987	-2,705	15,595	217	05
2,644	000209	-2,001	-0,968	-2,692	15,643	209	05
2,623	000215	-1,981	-0,949	-2,672	15,641	215	05
2,606	000205	-1,962	-0,930	-2,654	15,644	205	05
2,590	000206	-1,944	-0,911	-2,635	15,646	206	05
2,560	000211	-1,919	-0,886	-2,610	15,642	211	05
2,543	000208	-1,899	-0,867	-2,591	15,644	208	05
2,526	000211	-1,881	-0,848	-2,572	15,644	211	05
2,510	000209	-1,862	-0,829	-2,553	15,648	209	05
2,499	000208	-1,844	-0,810	-2,534	15,655	208	05
2,472	000205	-1,824	-0,792	-2,516	15,647	205	04
2,447	000215	-1,799	-0,767	-2,490	15,648	215	05
2,429	000211	-1,781	-0,748	-2,472	15,647	211	05
2,409	000222	-1,762	-0,729	-2,453	15,647	222	05
2,390	000222	-1,743	-0,710	-2,434	15,647	222	05
2,372	000236	-1,724	-0,691	-2,415	15,648	236	05
2,350	000215	-1,705	-0,672	-2,396	15,645	215	05
2,340	000215	-1,681	-0,646	-2,371	15,659	215	05
2,310	000215	-1,661	-0,628	-2,352	15,648	215	05
2,287	000222	-1,642	-0,609	-2,333	15,645	222	05
2,275	000227	-1,624	-0,590	-2,314	15,651	227	05
2,258	000223	-1,604	-0,571	-2,296	15,653	223	05
2,241	000206	-1,585	-0,552	-2,277	15,656	206	05
2,214	000217	-1,560	-0,527	-2,252	15,654	217	05
2,193	000224	-1,541	-0,508	-2,232	15,651	224	05
2,175	000209	-1,522	-0,488	-2,213	15,653	209	05
2,172	000227	-1,504	-0,468	-2,194	15,668	227	05
2,142	000225	-1,484	-0,451	-2,176	15,658	225	05
2,119	000205	-1,466	-0,432	-2,156	15,654	205	04
2,104	000223	-1,447	-0,413	-2,138	15,657	223	05
2,082	000253	-1,422	-0,388	-2,113	15,660	253	05
2,066	000224	-1,403	-0,369	-2,094	15,663	224	05
2,043	000218	-1,384	-0,350	-2,075	15,659	218	05
2,027	000227	-1,365	-0,331	-2,056	15,662	227	05
2,023	000206	-1,346	-0,310	-2,037	15,677	206	04
1,991	000205	-1,327	-0,292	-2,018	15,664	205	05
1,965	000219	-1,302	-0,267	-1,993	15,663	219	05
1,945	000221	-1,283	-0,249	-1,974	15,662	221	05
1,928	000221	-1,264	-0,230	-1,955	15,664	221	05
1,907	000241	-1,245	-0,211	-1,937	15,661	241	05
1,890	000246	-1,227	-0,192	-1,918	15,663	246	05
1,871	000239	-1,209	-0,174	-1,899	15,663	239	05
1,855	000244	-1,183	-0,147	-1,874	15,672	244	05
1,829	000238	-1,164	-0,130	-1,856	15,665	238	05
1,807	000245	-1,145	-0,111	-1,836	15,662	245	05
1,793	000206	-1,126	-0,091	-1,817	15,667	206	05
1,774	000218	-1,107	-0,072	-1,798	15,667	218	05
1,753	000220	-1,088	-0,054	-1,780	15,664	220	05
1,728	000208	-1,063	-0,029	-1,755	15,664	208	05
1,708	000222	-1,044	-0,010	-1,735	15,663	222	05
1,694	000212	-1,025	0,010	-1,717	15,669	212	05
1,685	000214	-1,007	0,030	-1,698	15,678	214	05
1,656	000218	-0,988	0,047	-1,679	15,668	218	05
1,639	000206	-0,968	0,067	-1,660	15,671	206	05
1,609	000214	-0,943	0,091	-1,635	15,665	214	05
1,596	000216	-0,924	0,111	-1,616	15,672	216	05
1,576	000221	-0,905	0,130	-1,597	15,670	221	05
1,557	000211	-0,887	0,149	-1,578	15,670	211	05
1,541	000211	-0,867	0,168	-1,559	15,674	211	05
1,528	000212	-0,849	0,187	-1,540	15,679	212	05
1,493	000213	-0,824	0,211	-1,515	15,669	213	05
1,479	000207	-0,804	0,231	-1,496	15,675	207	05
1,463	000206	-0,785	0,250	-1,477	15,678	206	05
1,442	000215	-0,767	0,269	-1,458	15,675	215	05
1,423	000215	-0,747	0,288	-1,439	15,675	215	05
1,406	000206	-0,729	0,307	-1,420	15,678	206	05
1,380	000211	-0,710	0,325	-1,401	15,670	211	05
1,365	000213	-0,684	0,351	-1,376	15,680	213	05
1,355	000231	-0,666	0,371	-1,357	15,689	231	05
1,323	000212	-0,647	0,388	-1,339	15,677	212	05
1,308	000212	-0,628	0,408	-1,320	15,680	212	05
1,289	000225	-0,609	0,426	-1,301	15,680	225	05
1,267	000208	-0,591	0,445	-1,282	15,676	208	05
1,245	000216	-0,565	0,470	-1,257	15,679	216	05
1,227	000207	-0,547	0,490	-1,238	15,681	207	05
1,206	000208	-0,527	0,508	-1,219	15,678	208	05
1,185	000211	-0,509	0,527	-1,200	15,676	211	05
1,178	000212	-0,490	0,547	-1,181	15,688	212	05
1,146	000222	-0,471	0,565	-1,162	15,675	222	05
1,120	000241	-0,446	0,590	-1,137	15,674	241	05
1,105	000207	-0,426	0,610	-1,118	15,679	207	05
1,087	000223	-0,408	0,629	-1,099	15,679	223	05
1,066	000227	-0,389	0,648	-1,080	15,677	227	05
1,048	000240	-0,370	0,667	-1,061	15,679	240	05
1,028	000222	-0,351	0,686	-1,042	15,678	222	05
1,015	000223	-0,325	0,712	-1,016	15,689	223	05
0,984	000242	-0,306	0,730	-0,997	15,678	242	05
0,969	000243	-0,287	0,749	-0,978	15,682	243	05
0,949	000238	-0,268	0,768	-0,959	15,680	238	05
0,930	000253	-0,249	0,787	-0,940	15,680	253	05
0,914	000209	-0,230	0,806	-0,921	15,684	209	04
0,888	000215	-0,205	0,832	-0,896	15,683	215	05
0,870	000245	-0,186	0,851	-0,877	15,684	245	05
0,863	000237	-0,167	0,871	-0,858	15,695	237	05
0,837	000231	-0,148	0,889	-0,839	15,689	231	05
0,813	000232	-0,129	0,908	-0,820	15,684	232	05
0,794	000236	-0,110	0,927	-0,801	15,683	236	05
0,779	000205	-0,091	0,946	-0,782	15,688	205	04
0,752	000245	-0,066	0,971	-0,757	15,686	245	05
0,735	000238	-0,048	0,990	-0,738	15,688	238	05
0,717	000251	-0,028	1,009	-0,720	15,689	251	05
0,708	000246	-0,010	1,029	-0,701	15,698	246	05
0,684	000206	0,009	1,047	-0,682	15,693	206	05
0,665	000237	0,028	1,066	-0,663	15,693	237	05
0,637	000248	0,053	1,091	-0,638	15,690	248	05
0,617	000222	0,072	1,110	-0,619	15,689	222	05
0,600	000212	0,091	1,129	-0,600	15,691	212	05
0,584	000216	0,110	1,148	-0,581	15,694	216	05
0,562	000208	0,129	1,167	-0,562	15,691	208	05
0,555	000216	0,148	1,187	-0,543	15,703	216	05
0,521	000224	0,173	1,211	-0,518	15,694	224	05
0,504	000205	0,192	1,230	-0,499	15,696	205	05
0,485	000215	0,211	1,249	-0,480	15,696	215	05
0,471	000215	0,230	1,268	-0,462	15,700	215	05
0,452	000215	0,249	1,287	-0,442	15,700	215	05
0,431	000207	0,268	1,306	-0,423	15,699	207	05
0,406	000215	0,293	1,332	-0,398	15,700	215	05
0,386	000210	0,312	1,351	-0,379	15,698	210	05
0,379	000226	0,331	1,370	-0,360	15,709	226	05
0,354	000205	0,350	1,389	-0,341	15,704	205	05
0,330	000215	0,369	1,408	-0,322	15,699	215	05
0,309	000206	0,388	1,427	-0,303	15,697	206	05
0,285	000215	0,414	1,452	-0,277	15,698	215	05
0,268	000221	0,433	1,471	-0,259	15,701	221	05
0,256	000212	0,452	1,491	-0,240	15,708	212	05
0,235	000206	0,470	1,510	-0,221	15,705	206	05
0,219	000216	0,490	1,530	-0,201	15,708	216	05
0,192	000216	0,509	1,548	-0,182	15,701	216	05
0,169	000235	0,534	1,573	-0,157	15,702	235	05
0,157	000215	0,553	1,592	-0,139	15,709	215	05
0,138	000213	0,571	1,611	-0,120	15,709	213	05
0,119	000216	0,590	1,630	-0,101	15,709	216	05
0,098	000220	0,609	1,649	-0,082	15,707	220	05
0,077	000224	0,628	1,668	-0,063	15,705	224	05
0,062	000205	0,647	1,687	-0,044	15,709	205	05
0,048	000206	0,672	1,713	-0,019	15,720	206	05
0,017	000226	0,691	1,731	0,000	15,708	226	05
-0,005	000216	0,710	1,749	0,019	15,705	216	05
-0,022	000223	0,729	1,768	0,038	15,707	223	05
-0,043	000215	0,748	1,787	0,057	15,704	215	05
-0,049	000221	0,766	1,806	0,075	15,717	221	05
-0,076	000233	0,791	1,831	0,100	15,715	233	05
-0,099	000224	0,810	1,850	0,119	15,711	224	05
-0,106	000236	0,829	1,870	0,138	15,723	236	05
-0,135	000233	0,848	1,888	0,157	15,713	233	05
-0,150	000229	0,867	1,907	0,175	15,717	229	05
-0,166	000214	0,885	1,926	0,194	15,719	214	05
-0,194	000223	0,910	1,951	0,219	15,717	223	05
-0,214	000216	0,929	1,970	0,238	15,716	216	05
-0,230	000215	0,948	1,989	0,257	15,718	215	05
-0,248	000216	0,967	2,008	0,276	15,719	216	05
-0,264	000240	0,986	2,027	0,295	15,721	240	05
-0,288	000244	1,005	2,045	0,314	15,716	244	05
-0,331	000248	1,030	2,069	0,339	15,699	248	05
-0,349	000211	1,049	2,087	0,358	15,700	211	04
-0,363	000224	1,068	2,107	0,376	15,704	224	05
-0,381	000231	1,087	2,126	0,395	15,706	231	05
-0,400	000214	1,106	2,145	0,414	15,706	214	05
-0,422	000223	1,124	2,164	0,433	15,703	223	05
-0,438	000224	1,149	2,189	0,458	15,711	224	05
-0,460	000215	1,168	2,208	0,477	15,708	215	05
-0,480	000251	1,187	2,226	0,495	15,707	251	05
-0,499	000229	1,206	2,245	0,515	15,707	229	05
-0,515	000224	1,224	2,264	0,533	15,709	224	05
-0,533	000215	1,243	2,283	0,552	15,710	215	05
-0,567	000215	1,268	2,307	0,577	15,701	215	05
-0,582	000215	1,287	2,326	0,596	15,705	215	05
-0,603	000216	1,306	2,345	0,615	15,703	216	05
-0,615	000214	1,325	2,365	0,634	15,710	214	05
-0,631	000211	1,344	2,384	0,652	15,712	211	05
-0,659	000223	1,362	2,402	0,671	15,704	223	05
-0,667	000205	1,381	2,421	0,690	15,714	205	05
-0,703	000213	1,406	2,445	0,715	15,703	213	05
-0,710	000213	1,425	2,465	0,734	15,716	213	05
-0,742	000206	1,444	2,483	0,753	15,702	206	05
-0,746	000205	1,463	2,503	0,772	15,716	205	05
-0,771	000206	1,482	2,522	0,791	15,710	206	05
-0,781	000206	1,501	2,541	0,809	15,720	206	05
-0,805	000208	1,526	2,566	0,834	15,721	208	05
-0,836	000211	1,545	2,584	0,854	15,709	211	05
-0,841	000206	1,564	2,604	0,872	15,722	206	05
-0,874	000213	1,583	2,622	0,892	15,709	213	05
-0,892	000205	1,602	2,641	0,911	15,710	205	05
-0,900	000214	1,620	2,661	0,929	15,720	214	05
-0,930	000216	1,646	2,686	0,955	15,715	216	05
-0,938	000215	1,665	2,706	0,974	15,727	215	05
-0,961	000214	1,684	2,725	0,992	15,722	214	05
-0,981	000210	1,703	2,744	1,012	15,722	210	05
-0,998	000212	1,722	2,763	1,031	15,724	212	05
-1,025	000214	1,741	2,781	1,050	15,716	214	05
-1,043	000221	1,766	2,807	1,075	15,723	221	05
-1,062	000215	1,785	2,826	1,094	15,723	215	05
-1,089	000216	1,804	2,844	1,113	15,715	216	05
-1,105	000215	1,822	2,863	1,131	15,717	215	05
-1,119	000216	1,841	2,882	1,150	15,722	216	05
-1,132	000215	1,860	2,902	1,169	15,728	215	05
-1,156	000223	1,886	2,928	1,194	15,730	223	05
-1,175	000224	1,904	2,946	1,213	15,729	224	05
-1,205	000216	1,924	2,964	1,232	15,719	216	05
-1,220	000224	1,942	2,984	1,251	15,723	224	05
-1,234	000226	1,961	3,003	1,270	15,727	226	05
-1,259	000216	1,980	3,021	1,289	15,722	216	05
-1,274	000223	2,005	3,047	1,314	15,732	223	05
-1,296	000253	2,024	3,066	1,333	15,729	253	05
-1,323	000214	2,043	3,085	1,353	15,721	214	05
-1,329	000226	2,061	3,105	1,371	15,731	226	05
-1,352	000236	2,080	3,124	1,391	15,728	236	05
-1,372	000239	2,099	3,142	1,410	15,727	239	05
-1,391	000226	2,118	3,162	1,429	15,727	226	05
-1,412	000246	2,143	3,187	1,454	15,731	246	05
-1,420	000246	2,162	3,207	1,472	15,742	246	05
-1,451	000237	2,181	3,225	1,492	15,730	237	05
-1,474	000213	2,199	3,243	1,511	15,725	213	05
-1,485	000233	2,218	3,263	1,529	15,733	233	05
-1,505	000246	2,237	3,281	1,548	15,733	246	05
-1,531	000245	2,262	3,307	1,573	15,731	245	05
-1,549	000204	2,281	3,326	1,592	15,732	204	04
-1,568	000245	2,300	3,345	1,611	15,732	245	05
-1,578	000238	2,319	3,365	1,630	15,741	238	05
-1,604	000204	2,338	3,383	1,649	15,734	204	04
-1,628	000206	2,357	3,401	1,668	15,729	206	05
-1,649	000214	2,382	3,426	1,693	15,733	214	05
-1,666	000214	2,400	3,445	1,711	15,735	214	05
-1,684	000216	2,419	3,464	1,730	15,735	216	05
-1,707	000216	2,438	3,482	1,749	15,731	216	05
-1,719	000224	2,457	3,501	1,767	15,737	224	05
-1,736	000216	2,476	3,521	1,786	15,739	216	05
-1,767	000205	2,500	3,545	1,812	15,734	205	05
-1,777	000225	2,519	3,564	1,830	15,742	225	05
-1,794	000209	2,538	3,583	1,849	15,744	209	05
-1,823	000213	2,557	3,601	1,868	15,734	213	05
-1,829	000210	2,575	3,621	1,886	15,746	210	05
-1,844	000206	2,594	3,640	1,905	15,750	206	05
-1,879	000215	2,619	3,664	1,930	15,740	215	05
-1,891	000218	2,638	3,683	1,949	15,747	218	05
-1,902	000212	2,657	3,703	1,967	15,754	212	05
-1,936	000221	2,676	3,721	1,986	15,740	221	05
-1,956	000216	2,694	3,739	2,005	15,738	216	05
-1,966	000221	2,713	3,759	2,024	15,748	221	05
-1,984	000210	2,738	3,783	2,048	15,754	210	05
-1,990	000215	2,757	3,803	2,066	15,767	215	05
-2,006	000206	2,775	3,822	2,084	15,770	206	05
-2,025	000213	2,794	3,841	2,103	15,770	213	05
-2,084	000216	2,813	3,859	2,126	15,729	216	05
-2,062	000215	2,832	3,878	2,141	15,770	215	05
-2,086	000224	2,851	3,897	2,160	15,765	224	05
-2,106	000210	2,876	3,922	2,184	15,770	210	05
-2,122	000215	2,895	3,941	2,203	15,773	215	05
-2,150	000215	2,914	3,959	2,222	15,763	215	05
-2,170	000225	2,932	3,978	2,241	15,762	225	05
-2,187	000216	2,951	3,996	2,260	15,764	216	05
-2,207	000215	2,970	4,015	2,278	15,763	215	05
-2,226	000216	2,995	4,041	2,304	15,769	216	05
-2,239	000216	3,014	4,060	2,322	15,775	216	05
-2,267	000222	3,033	4,078	2,341	15,766	222	05
-2,285	000222	3,051	4,097	2,360	15,766	222	05
-2,306	000216	3,070	4,116	2,380	15,765	216	05
-2,318	000226	3,090	4,136	2,399	15,771	226	05
-2,339	000225	3,115	4,161	2,423	15,776	225	05
-2,366	000224	3,134	4,180	2,442	15,767	224	05
-2,370	000210	3,152	4,200	2,461	15,782	210	05
-2,403	000225	3,171	4,217	2,480	15,768	225	05
-2,415	000225	3,190	4,237	2,499	15,776	225	05
-2,436	000216	3,209	4,256	2,518	15,773	216	05
-2,459	000216	3,234	4,281	2,543	15,775	216	05
-2,482	000215	3,253	4,300	2,562	15,771	215	05
-2,496	000206	3,272	4,319	2,581	15,776	206	04
-2,516	000219	3,291	4,338	2,600	15,775	219	05
-2,531	000242	3,310	4,357	2,619	15,779	242	05
-2,548	000204	3,329	4,376	2,638	15,781	204	04
-2,579	000225	3,354	4,401	2,663	15,775	225	05
-2,597	000206	3,372	4,419	2,681	15,775	206	05
-2,617	000215	3,391	4,438	2,700	15,775	215	05
-2,637	000208	3,410	4,457	2,719	15,773	208	05
-2,651	000215	3,428	4,476	2,737	15,777	215	05
-2,669	000219	3,447	4,494	2,756	15,778	219	05
-2,693	000226	3,472	4,519	2,781	15,779	226	05
-2,707	000216	3,491	4,539	2,800	15,784	216	05
-2,730	000215	3,510	4,557	2,819	15,779	215	05
-2,746	000216	3,528	4,576	2,837	15,782	216	05
-2,767	000211	3,547	4,594	2,856	15,780	211	04
-2,786	000214	3,566	4,613	2,875	15,780	214	05
-2,802	000224	3,584	4,632	2,893	15,783	224	05
-2,821	000215	3,609	4,657	2,918	15,788	215	05
-2,840	000216	3,628	4,676	2,937	15,788	216	05
-2,860	000206	3,647	4,695	2,956	15,787	206	05
-2,877	000206	3,666	4,714	2,975	15,789	206	05
-2,897	000216	3,685	4,733	2,994	15,788	216	05
-2,912	000209	3,703	4,752	3,012	15,791	209	05
-2,945	000206	3,729	4,777	3,038	15,783	206	05
-2,956	000209	3,747	4,796	3,056	15,791	209	05
-2,978	000211	3,766	4,815	3,075	15,788	211	05
-2,994	000224	3,785	4,834	3,094	15,791	224	05
-3,012	000205	3,804	4,852	3,113	15,792	205	05
-3,027	000212	3,822	4,871	3,131	15,795	212	05
-3,055	000205	3,847	4,896	3,156	15,792	205	05
-3,074	000207	3,867	4,916	3,176	15,793	207	05
-3,094	000224	3,885	4,934	3,194	15,791	224	05
-3,115	000210	3,904	4,953	3,213	15,790	210	05
-3,129	000222	3,923	4,972	3,232	15,794	222	05
-3,148	000225	3,942	4,991	3,251	15,794	225	05
-3,169	000214	3,967	5,016	3,276	15,798	214	05
-3,190	000214	3,986	5,035	3,295	15,796	214	05
-3,212	000215	4,004	5,053	3,314	15,793	215	05
-3,229	000215	4,023	5,072	3,332	15,794	215	05
-3,245	000215	4,042	5,091	3,351	15,798	215	05
-3,258	000209	4,060	5,110	3,369	15,803	209	05
-3,287	000214	4,086	5,136	3,395	15,799	214	05
-3,308	000223	4,105	5,154	3,414	15,797	223	05
-3,326	000217	4,124	5,173	3,433	15,797	217	05
-3,341	000215	4,142	5,192	3,451	15,801	215	05
-3,362	000206	4,161	5,211	3,470	15,799	206	05
-3,383	000216	4,180	5,229	3,489	15,797	216	05
-3,400	000214	4,199	5,248	3,507	15,798	214	05
-3,420	000223	4,224	5,274	3,532	15,804	223	05
-3,438	000214	4,243	5,293	3,552	15,805	214	05
-3,463	000205	4,261	5,311	3,571	15,798	205	04
-3,482	000223	4,280	5,330	3,589	15,799	223	05
-3,503	000227	4,299	5,349	3,608	15,796	227	05
-3,523	000216	4,318	5,368	3,627	15,796	216	05
-3,548	000215	4,343	5,393	3,652	15,795	215	05
-3,558	000238	4,362	5,412	3,671	15,804	238	05
-3,578	000236	4,380	5,431	3,690	15,802	236	05
-3,591	000214	4,399	5,450	3,708	15,808	214	05
-3,618	000237	4,419	5,468	3,728	15,801	237	05
-3,631	000204	4,437	5,487	3,746	15,806	204	04
-3,658	000206	4,462	5,512	3,771	15,804	206	04
-3,708	000246	4,481	5,531	3,793	15,772	246	05
-3,692	000204	4,500	5,550	3,809	15,808	204	04
-3,714	000246	4,519	5,569	3,828	15,805	246	05
-3,725	000226	4,538	5,588	3,846	15,813	226	05
-3,740	000213	4,557	5,608	3,865	15,817	213	05
-3,771	000239	4,582	5,633	3,891	15,811	239	05
-3,789	000254	4,602	5,652	3,910	15,812	254	05
-3,808	000249	4,621	5,671	3,929	15,812	249	05
-3,828	000217	4,640	5,690	3,948	15,812	217	05
-3,847	000251	4,659	5,709	3,967	15,812	251	05
-3,869	000246	4,678	5,728	3,987	15,809	246	05
-3,893	000245	4,704	5,754	4,012	15,811	245	05
-3,910	000205	4,723	5,774	4,032	15,813	205	04
-3,933	000242	4,742	5,793	4,051	15,809	242	05
-3,947	000235	4,761	5,812	4,070	15,814	235	05
-3,958	000207	4,780	5,831	4,088	15,822	207	05
-3,989	000213	4,798	5,850	4,108	15,809	213	05
-4,007	000223	4,824	5,875	4,133	15,816	223	05
-4,024	000214	4,843	5,894	4,151	15,818	214	05
-4,041	000210	4,861	5,913	4,170	15,820	210	05
-4,057	000204	4,881	5,933	4,189	15,823	204	05
-4,089	000223	4,900	5,951	4,209	15,811	223	05
-4,102	000223	4,919	5,971	4,228	15,817	223	05
-4,126	000206	4,938	5,989	4,247	15,812	206	05
-4,140	000216	4,963	6,015	4,272	15,823	216	05
-4,168	000216	4,982	6,033	4,291	15,814	216	05
-4,182	000223	5,001	6,053	4,310	15,819	223	05
-4,198	000218	5,020	6,072	4,328	15,822	218	05
-4,223	000213	5,038	6,090	4,347	15,815	213	05
-4,232	000215	5,057	6,109	4,366	15,825	215	05
-4,262	000215	5,083	6,134	4,391	15,821	215	05
-4,278	000214	5,101	6,154	4,410	15,824	214	05
-4,302	000207	5,121	6,173	4,430	15,819	207	05
-4,314	000224	5,139	6,192	4,448	15,826	224	05
-4,334	000210	5,158	6,211	4,467	15,824	210	05
-4,351	000210	5,177	6,230	4,486	15,826	210	05
-4,376	000208	5,202	6,254	4,511	15,826	208	05
-4,394	000213	5,221	6,274	4,530	15,827	213	05
-4,414	000216	5,240	6,292	4,549	15,826	216	05
-4,435	000215	5,259	6,311	4,568	15,824	215	05
-4,449	000206	5,278	6,331	4,587	15,829	206	05
-4,472	000206	5,297	6,350	4,606	15,826	206	05
-4,495	000207	5,322	6,376	4,632	15,828	207	05
-4,512	000214	5,341	6,395	4,651	15,829	214	05
-4,533	000210	5,360	6,413	4,670	15,827	210	05
-4,545	000217	5,379	6,432	4,688	15,835	217	05
-4,566	000225	5,398	6,451	4,707	15,832	225	05
-4,580	000234	5,416	6,470	4,725	15,836	234	05
-4,610	000212	5,441	6,495	4,751	15,831	212	05
-4,629	000225	5,460	6,514	4,770	15,831	225	05
-4,649	000214	5,479	6,533	4,789	15,830	214	05
-4,666	000226	5,498	6,552	4,808	15,832	226	05
-4,682	000224	5,517	6,571	4,826	15,835	224	05
-4,703	000218	5,536	6,590	4,845	15,833	218	05
-4,731	000220	5,561	6,615	4,870	15,830	220	05
-4,746	000206	5,580	6,634	4,889	15,834	206	04
-4,766	000224	5,599	6,653	4,908	15,833	224	05
-4,784	000210	5,617	6,671	4,927	15,833	210	05
